time,.x,.y,.theta
1970/01/01/07:22:15.958000,-2.0000483309,2.00004549855,-1.72074076231e-05
1970/01/01/07:22:16.008000,-2.00004637749,2.00004549934,-1.72212211774e-05
1970/01/01/07:22:16.058000,-2.00004442355,2.00004550014,-1.72350424213e-05
1970/01/01/07:22:16.108000,-2.00004246906,2.00004550094,-1.72488727384e-05
1970/01/01/07:22:16.158000,-2.00004301141,2.0000455021,-1.72625746526e-05
1970/01/01/07:22:16.207000,-2.00004360312,2.00004550305,-1.72763278515e-05
1970/01/01/07:22:16.257000,-2.00004419425,2.00004550402,-1.72900985169e-05
1970/01/01/07:22:16.308000,-2.0000447848,2.00004550498,-1.73038788577e-05
1970/01/01/07:22:16.358000,-2.00004537477,2.00004550595,-1.73176675781e-05
1970/01/01/07:22:16.408000,-2.00004596416,2.00004550691,-1.73314644162e-05
1970/01/01/07:22:16.458000,-2.00004655298,2.00004550788,-1.73452692881e-05
1970/01/01/07:22:16.508000,-2.00004714122,2.00004550885,-1.73590821439e-05
1970/01/01/07:22:16.558000,-2.00004772888,2.00004550982,-1.73729029405e-05
1970/01/01/07:22:16.608000,-2.00004831597,2.00004551079,-1.73867316369e-05
1970/01/01/07:22:16.658000,-2.00004890248,2.00004551176,-1.74005681919e-05
1970/01/01/07:22:16.707000,-2.00004948841,2.00004551273,-1.74144125647e-05
1970/01/01/07:22:16.758000,-2.00005007377,2.0000455137,-1.74282647147e-05
1970/01/01/07:22:16.809000,-2.00005065856,2.00004551467,-1.74421246005e-05
1970/01/01/07:22:16.858000,-2.00005124277,2.00004551565,-1.74559921814e-05
1970/01/01/07:22:16.908000,-2.00005102725,2.00004551643,-1.74699262743e-05
1970/01/01/07:22:16.958000,-2.00004906301,2.00004551725,-1.74839342148e-05
1970/01/01/07:22:17.008000,-2.00004709823,2.00004551807,-1.74979161297e-05
1970/01/01/07:22:17.058000,-2.00004513293,2.00004551888,-1.75119016772e-05
1970/01/01/07:22:17.108000,-2.0000441161,2.00004552,-1.75258336765e-05
1970/01/01/07:22:17.158000,-2.00004469703,2.00004552094,-1.75397167378e-05
1970/01/01/07:22:17.208000,-2.0000452774,2.00004552191,-1.75536352527e-05
1970/01/01/07:22:17.258000,-2.00004585719,2.00004552289,-1.75675655885e-05
1970/01/01/07:22:17.308000,-2.00004643642,2.00004552387,-1.75815039393e-05
1970/01/01/07:22:17.358000,-2.00034700744,2.00004595938,-1.75985767789e-05
1970/01/01/07:22:17.408000,-2.00129755589,2.00004690066,-1.76194415475e-05
1970/01/01/07:22:17.464000,-2.00289182468,2.00004787176,-1.76400682956e-05
1970/01/01/07:22:17.508000,-2.00514425474,2.00004888196,-1.76605983784e-05
1970/01/01/07:22:17.558000,-2.00804228401,2.00004993981,-1.76812213196e-05
1970/01/01/07:22:17.609000,-2.01154180672,2.000051053,-1.77021471147e-05
1970/01/01/07:22:17.658000,-2.01564656287,2.00005222983,-1.7723542958e-05
1970/01/01/07:22:17.709000,-2.02031074455,2.00005197892,-1.77456102109e-05
1970/01/01/07:22:17.758000,-2.02555089379,2.00005075807,-1.77684905301e-05
1970/01/01/07:22:17.810000,-2.03134004987,2.00004962354,-1.77923582774e-05
1970/01/01/07:22:17.858000,-2.03767080603,2.00004858287,-1.78173620676e-05
1970/01/01/07:22:17.908000,-2.04452300388,2.00004764336,-1.78436499727e-05
1970/01/01/07:22:17.959000,-2.05187108344,2.00004860807,-1.78696705153e-05
1970/01/01/07:22:18.009000,-2.05971339164,2.00004996273,-1.75303432855e-05
1970/01/01/07:22:18.058000,-2.06802556633,2.00005056159,-1.75070543878e-05
1970/01/01/07:22:18.158000,-2.07679585527,2.00005087202,-1.74747942212e-05
1970/01/01/07:22:18.208000,-2.08601559263,2.00004902547,-1.74268120396e-05
1970/01/01/07:22:18.255000,-2.09568235232,2.00004659445,-1.73512789161e-05
1970/01/01/07:22:18.308000,-2.10594939197,2.00004413091,-1.72399811987e-05
1970/01/01/07:22:18.358000,-2.11667468449,2.00004158494,-1.70686065511e-05
1970/01/01/07:22:18.408000,-2.12781202842,2.00004183973,-1.70450377694e-05
1970/01/01/07:22:18.457000,-2.13934851212,2.00004421337,-1.64579095992e-05
1970/01/01/07:22:18.508000,-2.15126327958,2.00004717371,-1.57876098197e-05
1970/01/01/07:22:18.558000,-2.16355535809,2.00005032645,-1.48044870245e-05
1970/01/01/07:22:18.608000,-2.17620838404,2.00005327581,-1.37649251303e-05
1970/01/01/07:22:18.658000,-2.18921683533,2.00005591283,-1.27134825598e-05
1970/01/01/07:22:18.708000,-2.20261932653,2.00005733588,-1.10710561222e-05
1970/01/01/07:22:18.758000,-2.21629954346,2.00005614409,-1.00801008225e-05
1970/01/01/07:22:18.808000,-2.23029779819,2.00005566215,-8.75315813492e-06
1970/01/01/07:22:18.858000,-2.24460827137,2.00005593361,-6.84232649927e-06
1970/01/01/07:22:18.908000,-2.25922173494,2.00005685802,-4.08315859766e-06
1970/01/01/07:22:18.957000,-2.27410112125,2.0000582213,-1.03689422828e-07
1970/01/01/07:22:19.008000,-2.28923253333,2.00005989437,5.36314037888e-06
1970/01/01/07:22:19.058000,-2.30461080349,2.00006391221,1.10640812893e-05
1970/01/01/07:22:19.108000,-2.32017406281,2.00007099671,1.89190147926e-05
1970/01/01/07:22:19.158000,-2.33585978166,2.00007774687,2.96658786753e-05
1970/01/01/07:22:19.208000,-2.3516339745,2.00008224075,2.46756104953e-05
1970/01/01/07:22:19.258000,-2.36761443113,2.00008866817,1.61201398898e-05
1970/01/01/07:22:19.308000,-2.38381611926,2.0000919978,8.08169384725e-06
1970/01/01/07:22:19.358000,-2.40023985335,2.00009257817,1.74789705971e-06
1970/01/01/07:22:19.407000,-2.41688673402,2.00009221081,-1.4594517254e-06
1970/01/01/07:22:19.458000,-2.43377058918,2.00009060501,-1.7305639248e-05
1970/01/01/07:22:19.508000,-2.45096454129,2.00008767242,-3.80561742367e-05
1970/01/01/07:22:19.558000,-2.46846426881,2.00008382741,-4.13539267671e-05
1970/01/01/07:22:19.608000,-2.48623410237,2.0000797905,-3.61131814165e-05
1970/01/01/07:22:19.658000,-2.50425935732,2.00007615624,-2.62958484143e-05
1970/01/01/07:22:19.708000,-2.52250544243,2.00007338584,-1.36109657137e-05
1970/01/01/07:22:19.758000,-2.54096159833,2.00007184344,1.24980360596e-06
1970/01/01/07:22:19.808000,-2.55960872259,2.00007185928,1.80276448013e-05
1970/01/01/07:22:19.857000,-2.57844669755,2.00007347276,3.61385603416e-05
1970/01/01/07:22:19.907000,-2.59746454037,2.00007569491,4.98856268115e-05
1970/01/01/07:22:19.959000,-2.61665514036,2.00007531041,5.71979352093e-05
1970/01/01/07:22:20.008000,-2.63601673097,2.00007154455,6.69028192914e-05
1970/01/01/07:22:20.058000,-2.65553616043,2.00006753078,7.90106959857e-05
1970/01/01/07:22:20.108000,-2.67521447739,2.00006370403,9.10023064554e-05
1970/01/01/07:22:20.158000,-2.69504091268,2.00006011709,0.000101186869737
1970/01/01/07:22:20.207000,-2.71502332464,2.0000568565,0.000108486458141
1970/01/01/07:22:20.258000,-2.73515642121,2.000053885,0.000112207984595
1970/01/01/07:22:20.308000,-2.75542895122,2.00005123532,0.000112118092146
1970/01/01/07:22:20.357000,-2.77584336989,2.000048891,0.000108517627936
1970/01/01/07:22:20.408000,-2.79638696468,2.0000467556,0.000101934565263
1970/01/01/07:22:20.458000,-2.81705767877,2.0000448334,9.32208208387e-05
1970/01/01/07:22:20.508000,-2.8378651163,2.00004349056,8.31253292233e-05
1970/01/01/07:22:20.558000,-2.85925193627,2.000041815,7.24475718231e-05
1970/01/01/07:22:20.608000,-2.88045422678,2.00004018983,6.19078188829e-05
1970/01/01/07:22:20.708000,-2.90161035017,2.00003860958,5.21360605424e-05
1970/01/01/07:22:20.758000,-2.92287017406,2.00003705676,4.35552464451e-05
1970/01/01/07:22:20.807000,-2.94423419634,2.00003551214,3.64225471016e-05
1970/01/01/07:22:20.858000,-2.9661464453,2.00003393879,3.08352470676e-05
1970/01/01/07:22:20.908000,-2.98826571821,2.00003235761,2.68061079435e-05
1970/01/01/07:22:20.958000,-3.01048446213,2.00003077023,2.42678250789e-05
1970/01/01/07:22:21.008000,-3.0328092952,2.00002916692,2.31081899866e-05
1970/01/01/07:22:21.058000,-3.05522860401,2.00002754015,2.31995419225e-05
1970/01/01/07:22:21.107000,-3.07772039916,2.00002588087,2.44283065978e-05
1970/01/01/07:22:21.159000,-3.10029103131,2.00002418555,2.66627430927e-05
1970/01/01/07:22:21.208000,-3.1229360325,2.00002243871,2.98201040785e-05
1970/01/01/07:22:21.257000,-3.1456526313,2.00002063235,3.38214799466e-05
1970/01/01/07:22:21.308000,-3.16844176039,2.0000187432,3.86382645091e-05
1970/01/01/07:22:21.358000,-3.19129923891,2.00001675299,4.42473045084e-05
1970/01/01/07:22:21.408000,-3.21422215677,2.00001466927,5.06622622629e-05
1970/01/01/07:22:21.458000,-3.23720679408,2.00001245457,5.7927078398e-05
1970/01/01/07:22:21.508000,-3.26025589646,2.00001009165,6.61110662709e-05
1970/01/01/07:22:21.558000,-3.28336246237,2.0000075843,7.53321118942e-05
1970/01/01/07:22:21.608000,-3.30652699859,2.00000490273,8.57474088402e-05
1970/01/01/07:22:21.658000,-3.32974667084,2.0000019894,9.75271218299e-05
1970/01/01/07:22:21.708000,-3.35301909763,1.99999887192,0.000110956969305
1970/01/01/07:22:21.759000,-3.37634505806,1.99999549418,0.000126389557329
1970/01/01/07:22:21.807000,-3.39972193926,1.99999185177,0.000144415364726
1970/01/01/07:22:21.858000,-3.42314788787,1.99998752923,0.000165065103909
1970/01/01/07:22:21.908000,-3.44661905365,1.99998239876,0.00018765201685
1970/01/01/07:22:21.957000,-3.47013798849,1.99997697053,0.000213324762231
1970/01/01/07:22:22.008000,-3.49370096739,1.99997062541,0.000239583935646
1970/01/01/07:22:22.058000,-3.51730705598,1.99996336596,0.000264707312041
1970/01/01/07:22:22.108000,-3.54095433936,1.99995524394,0.000288711161325
1970/01/01/07:22:22.158000,-3.56464179862,1.99994631023,0.000311661109519
1970/01/01/07:22:22.208000,-3.5883676221,1.99993656646,0.000333618066328
1970/01/01/07:22:22.258000,-3.61213071028,1.99992640492,0.000354372101122
1970/01/01/07:22:22.307000,-3.63593041026,1.99991693041,0.000373935740495
1970/01/01/07:22:22.358000,-3.65976598269,1.99990861897,0.000392427449398
1970/01/01/07:22:22.408000,-3.68363548716,1.9998999163,0.000409942018842
1970/01/01/07:22:22.458000,-3.7075390853,1.9998909013,0.000426470234701
1970/01/01/07:22:22.508000,-3.73147404591,1.999881547,0.000442133201602
1970/01/01/07:22:22.557000,-3.75544024705,1.99987177007,0.000457034775452
1970/01/01/07:22:22.608000,-3.77943702001,1.99986174907,0.000471098429051
1970/01/01/07:22:22.658000,-3.80346274312,1.99985150931,0.000484419909083
1970/01/01/07:22:22.708000,-3.8275176023,1.99984098614,0.000497005577728
1970/01/01/07:22:22.758000,-3.85160008227,1.99983026334,0.000508913458187
1970/01/01/07:22:22.808000,-3.8757080301,1.99981931344,0.000520180642437
1970/01/01/07:22:22.858000,-3.89984994178,1.99980966641,0.000530812994316
1970/01/01/07:22:22.908000,-3.92401361423,1.99980081542,0.00054090178167
1970/01/01/07:22:22.958000,-3.9481970483,1.99979178363,0.000550434301312
1970/01/01/07:22:23.008000,-3.97240294471,1.99978258515,0.000559465455006
1970/01/01/07:22:23.058000,-3.9966322116,1.99977325797,0.000567977374957
1970/01/01/07:22:23.108000,-4.02088416037,1.99976381653,0.000576030832697
1970/01/01/07:22:23.158000,-4.04515759763,1.99975419516,0.000583649748985
1970/01/01/07:22:23.258000,-4.06945208925,1.9997444345,0.000590858287138
1970/01/01/07:22:23.309000,-4.09376599872,1.99973454764,0.000597671430226
1970/01/01/07:22:23.358000,-4.1186043423,1.99972423684,0.000604085892529
1970/01/01/07:22:23.409000,-4.14357993958,1.9997137507,0.000610180170822
1970/01/01/07:22:23.458000,-4.16856975512,1.99970460595,0.000615486416044
1970/01/01/07:22:23.508000,-4.19357826345,1.99969537717,0.000620116689745
1970/01/01/07:22:23.557000,-4.21859418964,1.99968610558,0.000624512121891
1970/01/01/07:22:23.608000,-4.24361115787,1.99967677761,0.000628620968337
1970/01/01/07:22:23.658000,-4.26862854403,1.999667379,0.000632565376267
1970/01/01/07:22:23.708000,-4.29364631981,1.99965790075,0.000636329220504
1970/01/01/07:22:23.758000,-4.31867673002,1.99964836513,0.000639859260256
1970/01/01/07:22:23.808000,-4.34369548932,1.99963881199,0.000643202695621
1970/01/01/07:22:23.858000,-4.36871433283,1.99962917999,0.000646410363787
1970/01/01/07:22:23.909000,-4.39313338906,1.99961906472,0.000650186304417
1970/01/01/07:22:23.958000,-4.41683779976,1.99960873788,0.000651173292033
1970/01/01/07:22:24.008000,-4.43989248962,1.99959803429,0.00065129130384
1970/01/01/07:22:24.058000,-4.46231114532,1.99958801537,0.000651383213443
1970/01/01/07:22:24.108000,-4.48408555933,1.99957866446,0.000651475832871
1970/01/01/07:22:24.158000,-4.50523455806,1.99956991408,0.000651612024004
1970/01/01/07:22:24.208000,-4.52580873607,1.99956174825,0.000651730741689
1970/01/01/07:22:24.258000,-4.54579223062,1.99955418028,0.000651843361297
1970/01/01/07:22:24.308000,-4.56521262699,1.99954718325,0.00065194824333
1970/01/01/07:22:24.359000,-4.58408736263,1.99954073138,0.000652050049939
1970/01/01/07:22:24.409000,-4.6024302735,1.99953479671,0.000652149435485
1970/01/01/07:22:24.458000,-4.62025725917,1.99953001317,0.000652242652889
1970/01/01/07:22:24.508000,-4.6375835159,1.99952761608,0.000652335165754
1970/01/01/07:22:24.558000,-4.65443217724,1.99952568083,0.00065242404928
1970/01/01/07:22:24.608000,-4.67079923279,1.99952420264,0.000652509306795
1970/01/01/07:22:24.658000,-4.68675802506,1.99952312553,0.000652591896952
1970/01/01/07:22:24.708000,-4.70221974524,1.9995225021,0.000652669893296
1970/01/01/07:22:24.758000,-4.71724858618,1.99952228197,0.000652744791088
1970/01/01/07:22:24.808000,-4.73185513987,1.99952245225,0.000652816251167
1970/01/01/07:22:24.858000,-4.74605210724,1.99952299843,0.000652884522864
1970/01/01/07:22:24.908000,-4.75985318092,1.99952390547,0.000652949964827
1970/01/01/07:22:24.958000,-4.77326779997,1.9995251621,0.000653012334853
1970/01/01/07:22:25.008000,-4.78630630928,1.99952675624,0.000653071829853
1970/01/01/07:22:25.058000,-4.79898070819,1.99952867504,0.000653128677488
1970/01/01/07:22:25.108000,-4.81130828727,1.99953090227,0.000653183271041
1970/01/01/07:22:25.157000,-4.8232862437,1.99953343569,0.000653235303477
1970/01/01/07:22:25.208000,-4.83493047979,1.99953626057,0.000653285089842
1970/01/01/07:22:25.258000,-4.84625039044,1.99953936679,0.000653332710856
1970/01/01/07:22:25.307000,-4.85725506609,1.99954274468,0.000653378280476
1970/01/01/07:22:25.358000,-4.86795980339,1.99954638073,0.000653421911507
1970/01/01/07:22:25.407000,-4.87835469623,1.999550278,0.000653463696774
1970/01/01/07:22:25.458000,-4.88847654819,1.99955440928,0.000653503723572
1970/01/01/07:22:25.507000,-4.89830655263,1.99955878378,0.000653542075377
1970/01/01/07:22:25.558000,-4.90786885737,1.99956168256,0.000653579072253
1970/01/01/07:22:25.608000,-4.9171660542,1.99956395173,0.000653614154279
1970/01/01/07:22:25.658000,-4.92620609381,1.99956643364,0.00065364826162
1970/01/01/07:22:25.708000,-4.93499988189,1.99956911823,0.000653680597681
1970/01/01/07:22:25.808000,-4.94354035798,1.99957200841,0.00065371178463
1970/01/01/07:22:25.858000,-4.95184507418,1.99957509042,0.000653741899753
1970/01/01/07:22:25.909000,-4.95995072675,1.99957833802,0.000653770738685
1970/01/01/07:22:25.958000,-4.96798161303,1.99958166816,0.00065379843793
1970/01/01/07:22:26.008000,-4.97582977931,1.99958514976,0.000653825269446
1970/01/01/07:22:26.058000,-4.98346552929,1.99958880001,0.000653850815143
1970/01/01/07:22:26.108000,-4.99032110253,1.99959298971,0.000653875610324
1970/01/01/07:22:26.158000,-4.99632335991,1.99959780719,0.000653937160594
1970/01/01/07:22:26.208000,-5.00146608897,1.99960323769,0.000654019658638
1970/01/01/07:22:26.258000,-5.00575944643,1.99960924083,0.000654094384147
1970/01/01/07:22:26.309000,-5.00922467,1.99961583091,0.000654150562593
1970/01/01/07:22:26.358000,-5.01186761336,1.99962304796,0.000654225511811
1970/01/01/07:22:26.408000,-5.0137111849,1.99963083502,0.000654252757799
1970/01/01/07:22:26.458000,-5.01480853199,1.99963903867,0.000654256797701
1970/01/01/07:22:26.508000,-5.01516854228,1.99964766458,0.000654274722611
1970/01/01/07:22:26.558000,-5.01480919638,1.9996567301,0.000654297724846
1970/01/01/07:22:26.608000,-5.01374437204,1.99966625918,0.000654351663915
1970/01/01/07:22:26.658000,-5.01201465745,1.99967620537,0.000654431862461
1970/01/01/07:22:26.709000,-5.00962749509,1.9996861773,0.000654539904323
1970/01/01/07:22:26.758000,-5.00662613413,1.99969459677,0.000654750324132
1970/01/01/07:22:26.808000,-5.00297341771,1.99970443973,0.000654978388591
1970/01/01/07:22:26.858000,-4.99872919007,1.99971547443,0.000655090734298
1970/01/01/07:22:26.908000,-4.99390102258,1.99972696576,0.000655256034247
1970/01/01/07:22:26.959000,-4.98850497047,1.99973979568,0.00065516164447
1970/01/01/07:22:27.008000,-4.98255748933,1.99975385408,0.000655264219625
1970/01/01/07:22:27.058000,-4.97607568952,1.99976856603,0.00065532942186
1970/01/01/07:22:27.108000,-4.96907364456,1.99978387084,0.000655520991469
1970/01/01/07:22:27.159000,-4.96156653293,1.99979870454,0.000656012769896
1970/01/01/07:22:27.208000,-4.95356434367,1.99981213429,0.000656708725796
1970/01/01/07:22:27.258000,-4.94508249231,1.99982564401,0.000657544563571
1970/01/01/07:22:27.308000,-4.93614669451,1.99983892338,0.000658703466297
1970/01/01/07:22:27.358000,-4.92677072955,1.99985115194,0.000660881261496
1970/01/01/07:22:27.408000,-4.91695124009,1.99986259547,0.000663224860145
1970/01/01/07:22:27.459000,-4.906710501,1.99987269354,0.000665251718855
1970/01/01/07:22:27.508000,-4.89604635275,1.99988125648,0.00066775300174
1970/01/01/07:22:27.557000,-4.88499112135,1.99988837259,0.000670703329183
1970/01/01/07:22:27.608000,-4.87355914491,1.99989470225,0.000674375232658
1970/01/01/07:22:27.658000,-4.86175769413,1.99990025758,0.000678985811696
1970/01/01/07:22:27.708000,-4.84959229244,1.99990504864,0.000684822155738
1970/01/01/07:22:27.758000,-4.8370911026,1.99990950586,0.000691470235338
1970/01/01/07:22:27.807000,-4.82425662158,1.99991322457,0.000698503710449
1970/01/01/07:22:27.858000,-4.81111661915,1.99991831984,0.000707630317261
1970/01/01/07:22:27.906000,-4.79770054364,1.99992444639,0.000720170303216
1970/01/01/07:22:27.958000,-4.78404658946,1.99993162486,0.000737132586733
1970/01/01/07:22:28.009000,-4.77019825679,1.99993874018,0.00074832947556
1970/01/01/07:22:28.058000,-4.75610982071,1.9999451111,0.00072177381091
1970/01/01/07:22:28.108000,-4.74175419588,1.99995379341,0.00070191600946
1970/01/01/07:22:28.158000,-4.72711277984,1.99996326052,0.000690081895592
1970/01/01/07:22:28.208000,-4.71219657344,1.99997281187,0.000683541218216
1970/01/01/07:22:28.258000,-4.69699648719,1.99998206298,0.000680480658917
1970/01/01/07:22:28.359000,-4.6815435507,1.99999222071,0.000678538747862
1970/01/01/07:22:28.408000,-4.66576604748,2.00000300631,0.000670427803908
1970/01/01/07:22:28.457000,-4.64965530119,2.00001474185,0.000666986299998
1970/01/01/07:22:28.508000,-4.63294475723,2.00002774373,0.000666768338733
1970/01/01/07:22:28.558000,-4.61584641864,2.0000420219,0.000668121581873
1970/01/01/07:22:28.608000,-4.59849353649,2.00005760868,0.000669885099549
1970/01/01/07:22:28.657000,-4.58088635887,2.00007471187,0.000671350263256
1970/01/01/07:22:28.708000,-4.56304961748,2.00009356052,0.000672101397355
1970/01/01/07:22:28.758000,-4.54499598194,2.00011446216,0.000671846670291
1970/01/01/07:22:28.809000,-4.5267338433,2.00013736498,0.000670248291619
1970/01/01/07:22:28.858000,-4.50826959846,2.00016056237,0.000667248476501
1970/01/01/07:22:28.908000,-4.48962054783,2.00018233292,0.000663741014284
1970/01/01/07:22:28.958000,-4.47078398951,2.00019609233,0.000655900775301
1970/01/01/07:22:29.008000,-4.45176901519,2.0002046789,0.000638246189567
1970/01/01/07:22:29.058000,-4.43258898429,2.0002094002,0.000608536142895
1970/01/01/07:22:29.107000,-4.41323895111,2.00021328992,0.000569670216309
1970/01/01/07:22:29.159000,-4.39373097509,2.00021716547,0.000527023209044
1970/01/01/07:22:29.208000,-4.37406671187,2.00022170514,0.000485461657037
1970/01/01/07:22:29.258000,-4.35425633465,2.00022698478,0.00044825661752
1970/01/01/07:22:29.308000,-4.33429555181,2.00023303479,0.000417427478863
1970/01/01/07:22:29.358000,-4.31419015946,2.00023996486,0.000394321546777
1970/01/01/07:22:29.408000,-4.2939281988,2.00024783072,0.00037978858517
1970/01/01/07:22:29.458000,-4.27354166712,2.00025620154,0.000374682517874
1970/01/01/07:22:29.507000,-4.25302040993,2.00025943094,0.000382194845957
1970/01/01/07:22:29.558000,-4.23237098075,2.00026525979,0.000386092430605
1970/01/01/07:22:29.608000,-4.21159896376,2.00027528863,0.000396416106942
1970/01/01/07:22:29.658000,-4.19070811669,2.0002862743,0.00041337486275
1970/01/01/07:22:29.708000,-4.16970219507,2.00029809743,0.000436389560124
1970/01/01/07:22:29.758000,-4.14858568468,2.00031053407,0.000464325029687
1970/01/01/07:22:29.808000,-4.12736372029,2.00032339688,0.000495819456735
1970/01/01/07:22:29.858000,-4.10603729386,2.00033652508,0.000529266991153
1970/01/01/07:22:29.908000,-4.08461292397,2.00034986503,0.000562955959725
1970/01/01/07:22:29.958000,-4.06309251816,2.000363385,0.000595190783083
1970/01/01/07:22:30.008000,-4.04147493008,2.00037706134,0.000624431456378
1970/01/01/07:22:30.058000,-4.01976365333,2.0003907979,0.000649525516355
1970/01/01/07:22:30.108000,-3.99795838211,2.00040340182,0.000671438663082
1970/01/01/07:22:30.158000,-3.97606034364,2.00041620284,0.000690142376772
1970/01/01/07:22:30.208000,-3.9540726545,2.00042938937,0.00070450995836
1970/01/01/07:22:30.258000,-3.93199380635,2.00044287691,0.000714384350016
1970/01/01/07:22:30.308000,-3.90983219242,2.00045664593,0.000720098948282
1970/01/01/07:22:30.358000,-3.88758086701,2.0004706782,0.000722247739347
1970/01/01/07:22:30.407000,-3.86523953505,2.0004849416,0.000721522048679
1970/01/01/07:22:30.458000,-3.84282088763,2.00049906057,0.000718168835136
1970/01/01/07:22:30.508000,-3.82032720681,2.00051367046,0.000713159168632
1970/01/01/07:22:30.554000,-3.79775152844,2.00052862734,0.000706541469537
1970/01/01/07:22:30.608000,-3.77509832175,2.00054373844,0.000698607633846
1970/01/01/07:22:30.659000,-3.75238281108,2.00055888523,0.00068977244732
1970/01/01/07:22:30.708000,-3.72959232831,2.00057401884,0.000680386005278
1970/01/01/07:22:30.758000,-3.7067413031,2.0005890768,0.000670731929553
1970/01/01/07:22:30.858000,-3.68334495622,2.00060382048,0.000661138829522
1970/01/01/07:22:30.908000,-3.6602195954,2.00061897508,0.00065114675589
1970/01/01/07:22:30.957000,-3.63718352386,2.00063417494,0.000640398203885
1970/01/01/07:22:31.007000,-3.61360974372,2.00064977188,0.000628537977415
1970/01/01/07:22:31.058000,-3.58988695082,2.00066551218,0.000615095950332
1970/01/01/07:22:31.108000,-3.56611177524,2.00068077471,0.000600661614084
1970/01/01/07:22:31.158000,-3.54228264307,2.00069530683,0.000587196621561
1970/01/01/07:22:31.208000,-3.51841082613,2.00070944091,0.000574973461636
1970/01/01/07:22:31.258000,-3.4944800299,2.00072240788,0.000565140536517
1970/01/01/07:22:31.308000,-3.47052300864,2.00073597153,0.000557409181353
1970/01/01/07:22:31.359000,-3.44653305487,2.00074960872,0.000551021972018
1970/01/01/07:22:31.408000,-3.4225117625,2.00076325742,0.00054578327489
1970/01/01/07:22:31.459000,-3.39847191354,2.00077689038,0.000541658581668
1970/01/01/07:22:31.509000,-3.37440343378,2.0007906368,0.000538644856901
1970/01/01/07:22:31.557000,-3.35030624608,2.00080436483,0.000536719821583
1970/01/01/07:22:31.608000,-3.32616946957,2.00081795721,0.00053666879895
1970/01/01/07:22:31.658000,-3.30201690696,2.00083262306,0.000537638351518
1970/01/01/07:22:31.709000,-3.27783906679,2.00084777532,0.000539900833101
1970/01/01/07:22:31.758000,-3.2536355936,2.00086322352,0.000543197769455
1970/01/01/07:22:31.808000,-3.22940743777,2.00087883955,0.00054738623957
1970/01/01/07:22:31.857000,-3.20515728737,2.00089481281,0.000552563911869
1970/01/01/07:22:31.907000,-3.18088257731,2.00091040557,0.000558485153832
1970/01/01/07:22:31.958000,-3.15657779311,2.00092618092,0.000566789444762
1970/01/01/07:22:32.008000,-3.13226095386,2.00094169142,0.000575404424221
1970/01/01/07:22:32.058000,-3.10792298164,2.00095614347,0.000583576541299
1970/01/01/07:22:32.109000,-3.08356489547,2.00096954808,0.000591388355504
1970/01/01/07:22:32.158000,-3.05918431555,2.00098195354,0.000598813023303
1970/01/01/07:22:32.208000,-3.03477970212,2.00099274773,0.000605844242707
1970/01/01/07:22:32.258000,-3.01036665949,2.00100087508,0.000612461044127
1970/01/01/07:22:32.308000,-2.98593049248,2.00100816869,0.000618743305535
1970/01/01/07:22:32.358000,-2.9614743057,2.00101468459,0.000624709615163
1970/01/01/07:22:32.408000,-2.93701024854,2.00102058408,0.000630312507432
1970/01/01/07:22:32.458000,-2.91253046879,2.00102578446,0.000635597083875
1970/01/01/07:22:32.508000,-2.88803586146,2.001030389,0.00064066048627
1970/01/01/07:22:32.558000,-2.86352576514,2.00103441967,0.000645482025463
1970/01/01/07:22:32.607000,-2.83899647208,2.00103788627,0.000650050014994
1970/01/01/07:22:32.658000,-2.81445251911,2.00104082061,0.000654375280153
1970/01/01/07:22:32.708000,-2.78990168855,2.0010433001,0.00065852275293
1970/01/01/07:22:32.758000,-2.76533726709,2.00104533508,0.000662485095285
1970/01/01/07:22:32.808000,-2.74075928631,2.0010469105,0.000666235103323
1970/01/01/07:22:32.858000,-2.71616897551,2.00104806139,0.000669793930988
1970/01/01/07:22:32.910000,-2.69156796484,2.001048796,0.000673158875487
1970/01/01/07:22:32.958000,-2.66695458299,2.00104914556,0.000676344922411
1970/01/01/07:22:33.008000,-2.64232930135,2.00104915235,0.00067937791409
1970/01/01/07:22:33.058000,-2.61808089417,2.00104855045,0.000682248743861
1970/01/01/07:22:33.108000,-2.59448398678,2.00104717275,0.000684968059125
1970/01/01/07:22:33.158000,-2.57152800317,2.00104503917,0.000687542131017
1970/01/01/07:22:33.208000,-2.54920511155,2.00104217056,0.000689979408061
1970/01/01/07:22:33.258000,-2.52747667797,2.00103860529,0.000692285469434
1970/01/01/07:22:33.308000,-2.50636252234,2.00103434148,0.000694466678894
1970/01/01/07:22:33.358000,-2.48584426332,2.0010294059,0.000696530246611
1970/01/01/07:22:33.458000,-2.46588297003,2.00102383672,0.000698482192062
1970/01/01/07:22:33.508000,-2.4464844523,2.00101764114,0.00070032830167
1970/01/01/07:22:33.558000,-2.42762402839,2.00101084708,0.000702074083359
1970/01/01/07:22:33.609000,-2.40886636216,2.00100377077,0.000703724779239
1970/01/01/07:22:33.658000,-2.39054626812,2.00099618727,0.000705285376528
1970/01/01/07:22:33.708000,-2.37273210451,2.00098805783,0.000706760618276
1970/01/01/07:22:33.758000,-2.35541063873,2.00097940062,0.000708155013643
1970/01/01/07:22:33.807000,-2.33856632642,2.00097023502,0.000709472847844
1970/01/01/07:22:33.858000,-2.32220097904,2.00096056776,0.000710718191801
1970/01/01/07:22:33.908000,-2.30629946006,2.00095041722,0.000711894911523
1970/01/01/07:22:33.958000,-2.2908569742,2.00093979406,0.000713006677201
1970/01/01/07:22:34.008000,-2.27584298705,2.00092872698,0.000714056972028
1970/01/01/07:22:34.058000,-2.26126339957,2.00091721837,0.000715049100739
1970/01/01/07:22:34.108000,-2.24709657653,2.0009053899,0.000715986197863
1970/01/01/07:22:34.158000,-2.23332957223,2.00089560441,0.000716871235731
1970/01/01/07:22:34.207000,-2.21995384356,2.00088542628,0.000717707032146
1970/01/01/07:22:34.258000,-2.20696134503,2.00087486672,0.000718496257729
1970/01/01/07:22:34.308000,-2.19432963522,2.00086394704,0.000719241443049
1970/01/01/07:22:34.358000,-2.18205487341,2.00085267495,0.000719944985399
1970/01/01/07:22:34.408000,-2.17012461103,2.00084106412,0.000720609155579
1970/01/01/07:22:34.458000,-2.15853090533,2.00082912474,0.000721236104215
1970/01/01/07:22:34.508000,-2.14727091184,2.00081686311,0.000721827867478
1970/01/01/07:22:34.558000,-2.1363208328,2.00080485122,0.000722386372905
1970/01/01/07:22:34.608000,-2.12568027757,2.00079454517,0.000722913444292
1970/01/01/07:22:34.658000,-2.11533864728,2.00078395356,0.000723410807154
1970/01/01/07:22:34.708000,-2.10528674447,2.00077308653,0.000723880095793
1970/01/01/07:22:34.758000,-2.09551777368,2.0007619523,0.000724322857103
1970/01/01/07:22:34.808000,-2.08602274147,2.00075056054,0.000724740554905
1970/01/01/07:22:34.858000,-2.07679465014,2.00073891929,0.00072513457301
1970/01/01/07:22:34.909000,-2.0678247015,2.00072703779,0.000725506215488
1970/01/01/07:22:34.958000,-2.05910664873,2.00071492323,0.000725856714649
1970/01/01/07:22:35.008000,-2.05062794497,2.00070353631,0.00072618724052
1970/01/01/07:22:35.058000,-2.04239089277,2.00069352714,0.000726498903317
1970/01/01/07:22:35.108000,-2.03438014754,2.00068331082,0.00072679275456
1970/01/01/07:22:35.158000,-2.02659760979,2.00067288819,0.000727069783386
1970/01/01/07:22:35.208000,-2.01903653167,2.00066226623,0.000727330917039
1970/01/01/07:22:35.258000,-2.0116820161,2.00065145772,0.000727577031195
1970/01/01/07:22:35.308000,-2.00452896411,2.00064046806,0.000727808919352
1970/01/01/07:22:35.358000,-1.99757987665,2.0006292971,0.000728027427256
1970/01/01/07:22:35.408000,-1.9908241568,2.00061795468,0.000728233310474
1970/01/01/07:22:35.458000,-1.9842567591,2.00060789459,0.000728427263159
1970/01/01/07:22:35.508000,-1.97787203267,2.00059877276,0.000728609907468
1970/01/01/07:22:35.558000,-1.97166512741,2.00058949519,0.000728781869945
1970/01/01/07:22:35.608000,-1.96563344572,2.00058006512,0.00072894373341
1970/01/01/07:22:35.658000,-1.95976583942,2.00057049198,0.000729096111775
1970/01/01/07:22:35.709000,-1.95405811106,2.00056077996,0.000729239478198
1970/01/01/07:22:35.758000,-1.94851291043,2.00055092836,0.000729374373804
1970/01/01/07:22:35.808000,-1.94311798874,2.00054094717,0.000729501244771
1970/01/01/07:22:35.858000,-1.93787489742,2.00053083638,0.000729620565627
1970/01/01/07:22:35.908000,-1.93277808732,2.00052060119,0.000729732693276
1970/01/01/07:22:36.008000,-1.9278229622,2.00051219831,0.000729837987704
1970/01/01/07:22:36.058000,-1.92300422169,2.00050428049,0.000729936923446
1970/01/01/07:22:36.108000,-1.91831606349,2.00049625214,0.000730029891034
1970/01/01/07:22:36.158000,-1.91365593987,2.00048818898,0.000730117184902
1970/01/01/07:22:36.208000,-1.9091058021,2.00048003188,0.000730199164766
1970/01/01/07:22:36.258000,-1.90467875281,2.000471772,0.00073027606519
1970/01/01/07:22:36.308000,-1.90037424007,2.00046341045,0.000730348245873
1970/01/01/07:22:36.358000,-1.89618961645,2.00045494987,0.000730415912994
1970/01/01/07:22:36.408000,-1.8921245801,2.00044639103,0.000730479354641
1970/01/01/07:22:36.458000,-1.88817433334,2.00043773797,0.000730538778871
1970/01/01/07:22:36.508000,-1.88433387653,2.00042899492,0.000730594417714
1970/01/01/07:22:36.558000,-1.8806048629,2.00042016119,0.000730646485433
1970/01/01/07:22:36.608000,-1.87698444107,2.00041378691,0.000730695245497
1970/01/01/07:22:36.658000,-1.87346735936,2.00040732826,0.000730740539824
1970/01/01/07:22:36.708000,-1.87005127116,2.000400788,0.00073078285666
1970/01/01/07:22:36.758000,-1.86672752586,2.00039417241,0.0007308222112
1970/01/01/07:22:36.808000,-1.86349892355,2.00038747973,0.000730858471519
1970/01/01/07:22:36.858000,-1.860361014,2.00038071465,0.000730892687022
1970/01/01/07:22:36.908000,-1.85731149734,2.00037387793,0.000730924800982
1970/01/01/07:22:36.958000,-1.85434957429,2.00036697066,0.000730953916826
1970/01/01/07:22:37.008000,-1.85146884665,2.00035999948,0.000730981600654
1970/01/01/07:22:37.057000,-1.84866871403,2.00035296347,0.000731006601483
1970/01/01/07:22:37.108000,-1.84595017473,2.00034586209,0.000731030051197
1970/01/01/07:22:37.158000,-1.84330843093,2.00033870031,0.000731051421794
1970/01/01/07:22:37.208000,-1.84073948225,2.00033148062,0.000731071651276
1970/01/01/07:22:37.258000,-1.8382439802,2.00032495428,0.000731090053466
1970/01/01/07:22:37.308000,-1.8358173268,2.0003201688,0.00073110753375
1970/01/01/07:22:37.358000,-1.83346006869,2.00031532992,0.000731123503245
1970/01/01/07:22:37.408000,-1.83117080678,2.00031043641,0.000731136892248
1970/01/01/07:22:37.458000,-1.82894439161,2.00030549471,0.000731148353764
1970/01/01/07:22:37.508000,-1.82677942209,2.00030050423,0.000731158709052
1970/01/01/07:22:37.558000,-1.82467309979,2.00029546694,0.000731165967921
1970/01/01/07:22:37.608000,-1.8226288758,2.00029038011,0.00073117075306
1970/01/01/07:22:37.657000,-1.82064109886,2.00028524949,0.000731175039675
1970/01/01/07:22:37.708000,-1.81870686927,2.0002800751,0.000731175727382
1970/01/01/07:22:37.758000,-1.81682828662,2.00027485651,0.000731173824233
1970/01/01/07:22:37.808000,-1.81500305083,2.00026959991,0.000731173851369
1970/01/01/07:22:37.858000,-1.81322851306,2.00026431087,0.000731178648634
1970/01/01/07:22:37.909000,-1.81150242347,2.00025898416,0.000731182882684
1970/01/01/07:22:37.958000,-1.8098252798,2.00025362041,0.000731186955429
1970/01/01/07:22:38.008000,-1.80819493334,2.00024821991,0.000731190761259
1970/01/01/07:22:38.058000,-1.80660988679,2.000242785,0.000731194078782
1970/01/01/07:22:38.109000,-1.80506988785,2.0002373161,0.000731196984478
1970/01/01/07:22:38.157000,-1.80357163758,2.00023340913,0.000731202331455
1970/01/01/07:22:38.208000,-1.80211498679,2.00023041257,0.0007312074635
1970/01/01/07:22:38.258000,-1.80069823583,2.0002273832,0.000731206508087
1970/01/01/07:22:38.308000,-1.79931973427,2.00022432296,0.00073120597825
1970/01/01/07:22:38.358000,-1.79798098048,2.00022123264,0.000731204748738
1970/01/01/07:22:38.408000,-1.79667867603,2.00021811222,0.000731199617553
1970/01/01/07:22:38.458000,-1.7954134703,2.00021496495,0.000731193699326
1970/01/01/07:22:38.558000,-1.79418271295,2.00021179322,0.000731186109382
1970/01/01/07:22:38.608000,-1.79298510379,2.00020859492,0.000731181327979
1970/01/01/07:22:38.659000,-1.79182194324,2.00020537287,0.000731174050866
1970/01/01/07:22:38.708000,-1.79066528118,2.0002021362,0.000731161144918
1970/01/01/07:22:38.761000,-1.78953441989,2.00019888356,0.000731153089897
1970/01/01/07:22:38.808000,-1.78843475735,2.00019561069,0.00073114744581
1970/01/01/07:22:38.858000,-1.78736669899,2.00075298451,0.000731151504997
1970/01/01/07:22:38.908000,-1.78632801628,2.00196010029,0.000731159998454
1970/01/01/07:22:38.958000,-1.78532075704,2.00381719533,0.000731168801358
1970/01/01/07:22:39.008000,-1.78434335692,2.00637352031,0.000731177911989
1970/01/01/07:22:39.058000,-1.78339198654,2.00951738114,0.00073118723777
1970/01/01/07:22:39.108000,-1.78246956893,2.01327911709,0.000731196551536
1970/01/01/07:22:39.158000,-1.7815741488,2.01765553834,0.000731205896007
1970/01/01/07:22:39.207000,-1.78070505465,2.0226138367,0.000731215324955
1970/01/01/07:22:39.258000,-1.77985977283,2.02814047063,0.000731224888333
1970/01/01/07:22:39.307000,-1.77903737886,2.03419649064,0.000731234397157
1970/01/01/07:22:39.358000,-1.77823969083,2.04080744403,0.000731244347067
1970/01/01/07:22:39.408000,-1.7774654842,2.04793918049,0.000731253931527
1970/01/01/07:22:39.458000,-1.77671279604,2.05557580013,0.000731263735484
1970/01/01/07:22:39.508000,-1.77598346342,2.06370180395,0.00073127333506
1970/01/01/07:22:39.558000,-1.77527482916,2.07230394136,0.000731283154947
1970/01/01/07:22:39.607000,-1.77458523235,2.08136846811,0.000731292765313
1970/01/01/07:22:39.658000,-1.77391621285,2.09088058131,0.000731302511069
1970/01/01/07:22:39.708000,-1.77326571182,2.10082908032,0.000731312253813
1970/01/01/07:22:39.758000,-1.77263265233,2.11117686835,0.000731322318405
1970/01/01/07:22:39.808000,-1.77201916055,2.12195909288,0.000731332270944
1970/01/01/07:22:39.858000,-1.77142341032,2.13314130369,0.000731342291101
1970/01/01/07:22:39.908000,-1.77084434397,2.14471210093,0.000731352245659
1970/01/01/07:22:39.958000,-1.77028290314,2.15665908606,0.00073136235804
1970/01/01/07:22:40.008000,-1.76973733151,2.16897256196,0.000731372517131
1970/01/01/07:22:40.058000,-1.76920761989,2.18164267489,0.000731382566326
1970/01/01/07:22:40.108000,-1.7686927592,2.19465717866,0.000731392604001
1970/01/01/07:22:40.158000,-1.76819219235,2.2080065252,0.000731402691532
1970/01/01/07:22:40.208000,-1.76770611041,2.22167655915,0.000731412624666
1970/01/01/07:22:40.257000,-1.76723351554,2.23566943286,0.000731422749366
1970/01/01/07:22:40.308000,-1.76677389352,2.24996919954,0.000731433007477
1970/01/01/07:22:40.357000,-1.76632749597,2.26457535737,0.00073144326038
1970/01/01/07:22:40.408000,-1.7658945603,2.27947055615,0.000731453419305
1970/01/01/07:22:40.458000,-1.76547347462,2.29464144682,0.000731463628551
1970/01/01/07:22:40.507000,-1.76506439007,2.31008632761,0.000731473840884
1970/01/01/07:22:40.558000,-1.76466725332,2.32580229975,0.000731484203082
1970/01/01/07:22:40.608000,-1.76428050313,2.34177281529,0.000731494515339
1970/01/01/07:22:40.658000,-1.76390453968,2.35799927206,0.000731504737658
1970/01/01/07:22:40.708000,-1.76353895539,2.37447277339,0.000731515104787
1970/01/01/07:22:40.758000,-1.76318394205,2.39117961836,0.000731525444381
1970/01/01/07:22:40.808000,-1.76283949363,2.40811255434,0.000731535719967
1970/01/01/07:22:40.858000,-1.76250560933,2.42526903228,0.000731546155417
1970/01/01/07:22:40.907000,-1.76218048262,2.4426429052,0.000731556571466
1970/01/01/07:22:40.958000,-1.76186516187,2.46022887456,0.000731566894955
1970/01/01/07:22:41.008000,-1.76155848989,2.47801973912,0.000731577317829
1970/01/01/07:22:41.108000,-1.76125976495,2.49601144524,0.000731587735385
1970/01/01/07:22:41.158000,-1.76096883055,2.51419364357,0.000731598138091
1970/01/01/07:22:41.208000,-1.76068598504,2.53256784102,0.000731608591455
1970/01/01/07:22:41.258000,-1.76040505896,2.55151553854,0.000731619116606
1970/01/01/07:22:41.308000,-1.76013076664,2.57071372814,0.000731629513203
1970/01/01/07:22:41.358000,-1.75986425816,2.59009686517,0.000731640030939
1970/01/01/07:22:41.408000,-1.75960583021,2.60965769771,0.000731650487088
1970/01/01/07:22:41.458000,-1.75935515736,2.62936432203,0.000731661013044
1970/01/01/07:22:41.508000,-1.7591126992,2.64922694349,0.000731671541885
1970/01/01/07:22:41.557000,-1.75887560542,2.66924465765,0.00073168220726
1970/01/01/07:22:41.607000,-1.75864625412,2.68939156844,0.000731692731326
1970/01/01/07:22:41.658000,-1.75842231301,2.70968837637,0.000731703392568
1970/01/01/07:22:41.708000,-1.75820616283,2.73010808049,0.000731713959079
1970/01/01/07:22:41.758000,-1.75799555712,2.75065993112,0.000731724591574
1970/01/01/07:22:41.808000,-1.75779269352,2.77133642529,0.000731735185036
1970/01/01/07:22:41.861000,-1.75759522235,2.79213846259,0.000731745868029
1970/01/01/07:22:41.908000,-1.75740294204,2.81306755212,0.000731756498908
1970/01/01/07:22:41.957000,-1.75721593749,2.8340995365,0.000731767171147
1970/01/01/07:22:42.008000,-1.75703421672,2.85524521551,0.000731777861224
1970/01/01/07:22:42.058000,-1.75685788028,2.87650579275,0.000731788573448
1970/01/01/07:22:42.108000,-1.75668672857,2.89788486434,0.000731799368902
1970/01/01/07:22:42.158000,-1.75652083794,2.91934643306,0.00073181005622
1970/01/01/07:22:42.208000,-1.75635962166,2.94090895065,0.000731820853017
1970/01/01/07:22:42.258000,-1.7562017315,2.96257616697,0.000731831592298
1970/01/01/07:22:42.308000,-1.75604889845,2.98432362628,0.000731842372074
1970/01/01/07:22:42.358000,-1.75590083594,3.00616688224,0.000731853098478
1970/01/01/07:22:42.408000,-1.75575618793,3.02809778723,0.000731863922297
1970/01/01/07:22:42.458000,-1.75561680253,3.05011449297,0.000731874831421
1970/01/01/07:22:42.508000,-1.75548183012,3.0722195451,0.000731885702638
1970/01/01/07:22:42.558000,-1.75534951984,3.09440919227,0.000731896510086
1970/01/01/07:22:42.608000,-1.75522081209,3.11667023771,0.000731907371935
1970/01/01/07:22:42.658000,-1.7550963102,3.13900683026,0.000731918302773
1970/01/01/07:22:42.708000,-1.75497556288,3.16141922363,0.000731929224599
1970/01/01/07:22:42.758000,-1.75485896688,3.18390331566,0.000731940108268
1970/01/01/07:22:42.808000,-1.75474502236,3.20645760703,0.00073195106281
1970/01/01/07:22:42.858000,-1.75463372846,3.22908089466,0.000731961961755
1970/01/01/07:22:42.908000,-1.7545250835,3.25177052784,0.000731972921901
1970/01/01/07:22:42.958000,-1.75442038533,3.27452385833,0.000731983892575
1970/01/01/07:22:43.008000,-1.75431958171,3.29733958767,0.000731994905998
1970/01/01/07:22:43.058000,-1.75422142159,3.32021631777,0.00073200589036
1970/01/01/07:22:43.108000,-1.75412590544,3.34315284706,0.000732016890532
1970/01/01/07:22:43.158000,-1.75403308298,3.36614877349,0.000732027935755
1970/01/01/07:22:43.208000,-1.75394274914,3.38919714731,0.000732038979438
1970/01/01/07:22:43.258000,-1.75385515584,3.41230062108,0.000732050063475
1970/01/01/07:22:43.308000,-1.75377020804,3.43546599353,0.000732061154199
1970/01/01/07:22:43.358000,-1.75368794348,3.45867926389,0.000732072212416
1970/01/01/07:22:43.408000,-1.75360651039,3.48193698337,0.000732083285745
1970/01/01/07:22:43.458000,-1.75352691222,3.50524230277,0.000732094381266
1970/01/01/07:22:43.508000,-1.75344994865,3.52859442236,0.000732105515888
1970/01/01/07:22:43.558000,-1.75337561949,3.55199334212,0.000732116670163
1970/01/01/07:22:43.658000,-1.75330392325,3.57543710928,0.00073212779796
1970/01/01/07:22:43.708000,-1.75323285793,3.59892307661,0.000732138966387
1970/01/01/07:22:43.758000,-1.75316392374,3.62245143852,0.000732150113298
1970/01/01/07:22:43.808000,-1.75309582908,3.64651200155,0.000732161288789
1970/01/01/07:22:43.858000,-1.75302999207,3.67071946448,0.00073217249518
1970/01/01/07:22:43.908000,-1.75296678158,3.69496632374,0.000732183717342
1970/01/01/07:22:43.958000,-1.75290394736,3.71924993805,0.000732194960238
1970/01/01/07:22:44.008000,-1.7528434836,3.74356124449,0.000732206215605
1970/01/01/07:22:44.058000,-1.75278558538,3.767893352,0.00073221745767
1970/01/01/07:22:44.108000,-1.75272790053,3.7922438657,0.000732228678673
1970/01/01/07:22:44.158000,-1.75267262883,3.81661222285,0.000732239974464
1970/01/01/07:22:44.208000,-1.75262002093,3.84099913402,0.000732251277818
1970/01/01/07:22:44.258000,-1.75256752643,3.86540458957,0.000732262601535
1970/01/01/07:22:44.308000,-1.75251754523,3.88982784373,0.000732273935889
1970/01/01/07:22:44.358000,-1.75246777569,3.91426730035,0.000732285250822
1970/01/01/07:22:44.408000,-1.75242036753,3.93872205278,0.000732296620369
1970/01/01/07:22:44.458000,-1.75237322037,3.96319240737,0.000732307947327
1970/01/01/07:22:44.508000,-1.75232838181,3.98767805829,0.000732319336275
1970/01/01/07:22:44.558000,-1.75228390293,4.01217706428,0.000732330725459
1970/01/01/07:22:44.608000,-1.75224163677,4.03669327007,0.000732342116903
1970/01/01/07:22:44.658000,-1.7521998363,4.06123097046,0.000732353541678
1970/01/01/07:22:44.708000,-1.75216013776,4.08577117456,0.000732364960814
1970/01/01/07:22:44.758000,-1.75212094842,4.11032412907,0.000732376406375
1970/01/01/07:22:44.808000,-1.75208381895,4.13489033502,0.000732387846571
1970/01/01/07:22:44.858000,-1.75204669838,4.15946888495,0.000732399290007
1970/01/01/07:22:44.909000,-1.75201028837,4.18406203278,0.000732410751007
1970/01/01/07:22:44.958000,-1.75197574143,4.2086729318,0.000732422248982
1970/01/01/07:22:45.008000,-1.75194204563,4.23328542737,0.000732433766559
1970/01/01/07:22:45.058000,-1.75191006608,4.25791992288,0.000732445261489
1970/01/01/07:22:45.109000,-1.75187810338,4.28257776762,0.000732456796885
1970/01/01/07:22:45.158000,-1.75184708014,4.30722126169,0.000732468329974
1970/01/01/07:22:45.208000,-1.75181766474,4.3318753544,0.000732479912893
1970/01/01/07:22:45.258000,-1.7517882558,4.35653859927,0.000732491505058
1970/01/01/07:22:45.307000,-1.75175990323,4.38121055056,0.000732503070703
1970/01/01/07:22:45.357000,-1.7517330577,4.40589194871,0.000732514652628
1970/01/01/07:22:45.408000,-1.75170621839,4.4305821438,0.000732526256082
1970/01/01/07:22:45.458000,-1.75167938581,4.45528169242,0.000732537868056
1970/01/01/07:22:45.508000,-1.75165385738,4.47998904189,0.000732549500332
1970/01/01/07:22:45.558000,-1.75162958318,4.50470418913,0.000732561153728
1970/01/01/07:22:45.608000,-1.75160531449,4.52942713838,0.000732572820391
1970/01/01/07:22:45.658000,-1.75158105123,4.55415773907,0.000732584492705
1970/01/01/07:22:45.708000,-1.75155834398,4.57889643349,0.000732596161603
1970/01/01/07:22:45.758000,-1.75153664227,4.60364278092,0.000732607850298
1970/01/01/07:22:45.808000,-1.75151465186,4.62799532822,0.000732619560376
1970/01/01/07:22:45.857000,-1.75149219916,4.65171707829,0.000732631264419
1970/01/01/07:22:45.908000,-1.75147096703,4.67478427802,0.000732643004453
1970/01/01/07:22:45.958000,-1.75145011814,4.69721453063,0.000732654750423
1970/01/01/07:22:46.008000,-1.75142881345,4.71902298154,0.000732666496004
1970/01/01/07:22:46.058000,-1.7514070652,4.74022633326,0.000732678281886
1970/01/01/07:22:46.108000,-1.75138488644,4.76084238816,0.000732690062208
1970/01/01/07:22:46.208000,-1.75136423957,4.78088774211,0.000732701859665
1970/01/01/07:22:46.258000,-1.75134379389,4.80038889248,0.000732713657579
1970/01/01/07:22:46.308000,-1.75132294527,4.81934054566,0.000732725467317
1970/01/01/07:22:46.358000,-1.75130202097,4.83818920016,0.000732737295871
1970/01/01/07:22:46.408000,-1.75128077236,4.85659565273,0.000732749150476
1970/01/01/07:22:46.458000,-1.7512613151,4.87451250862,0.00073276098056
1970/01/01/07:22:46.508000,-1.75124188888,4.89192610693,0.000732772849863
1970/01/01/07:22:46.558000,-1.75122210228,4.90884830656,0.000732784731175
1970/01/01/07:22:46.608000,-1.75120195724,4.92528166387,0.000732796624051
1970/01/01/07:22:46.658000,-1.7511814703,4.94124887247,0.000732808531729
1970/01/01/07:22:46.709000,-1.75116310794,4.95677187337,0.000732820429428
1970/01/01/07:22:46.758000,-1.75114452294,4.97185497303,0.000732832365144
1970/01/01/07:22:46.808000,-1.75112561733,4.98650092351,0.000732844295685
1970/01/01/07:22:46.858000,-1.75110640863,5.00073378298,0.000732856254751
1970/01/01/07:22:46.908000,-1.75108705297,5.01456178788,0.000732868211312
1970/01/01/07:22:46.962000,-1.75106980505,5.02799089206,0.000732880173604
1970/01/01/07:22:47.008000,-1.75105227952,5.0410416008,0.000732892143272
1970/01/01/07:22:47.058000,-1.75103448889,5.05373110602,0.000732904139591
1970/01/01/07:22:47.108000,-1.75101643437,5.06606096598,0.000732916149345
1970/01/01/07:22:47.158000,-1.75099813006,5.07805052473,0.000732928156599
1970/01/01/07:22:47.208000,-1.7509800235,5.08969693317,0.000732940194304
1970/01/01/07:22:47.258000,-1.7509637781,5.10102083818,0.000732952206254
1970/01/01/07:22:47.307000,-1.75094729312,5.11201834013,0.000732964214618
1970/01/01/07:22:47.358000,-1.75093058939,5.12271784083,0.000732976208501
1970/01/01/07:22:47.408000,-1.75091365719,5.13310609422,0.000732988177757
1970/01/01/07:22:47.458000,-1.75089721103,5.14320265397,0.000733000141808
1970/01/01/07:22:47.508000,-1.75088240695,5.15301545826,0.000733012067689
1970/01/01/07:22:47.558000,-1.75086740044,5.16255246045,0.000733023963669
1970/01/01/07:22:47.608000,-1.75085219722,5.17182161729,0.000733035816591
1970/01/01/07:22:47.658000,-1.75083680673,5.18083577688,0.000733047609104
1970/01/01/07:22:47.707000,-1.75082122683,5.18959213616,0.000733059353449
1970/01/01/07:22:47.758000,-1.75080546644,5.19810289235,0.000733071027984
1970/01/01/07:22:47.808000,-1.75079058192,5.20637654856,0.000733082621226
1970/01/01/07:22:47.858000,-1.75077702718,5.21441840639,0.000733094135173
1970/01/01/07:22:47.908000,-1.75076330668,5.22223491307,0.000733105580123
1970/01/01/07:22:47.958000,-1.75074942229,5.22982867091,0.0007331169464
1970/01/01/07:22:48.007000,-1.75073538491,5.2372145327,0.000733128246507
1970/01/01/07:22:48.058000,-1.75072119631,5.24439499489,0.000733139474528
1970/01/01/07:22:48.108000,-1.75070821062,5.25137535105,0.000733150630072
1970/01/01/07:22:48.158000,-1.75069628161,5.25816090914,0.000733161711884
1970/01/01/07:22:48.207000,-1.75068421298,5.26475696913,0.000733172719973
1970/01/01/07:22:48.258000,-1.75067201118,5.27117232724,0.000733183665212
1970/01/01/07:22:48.308000,-1.75065967743,5.27740868338,0.000733194537096
1970/01/01/07:22:48.358000,-1.75064721321,5.28346803955,0.000733205345016
1970/01/01/07:22:48.408000,-1.75063462722,5.28936229521,0.000733216083083
1970/01/01/07:22:48.458000,-1.75062191867,5.29509035289,0.000733226746374
1970/01/01/07:22:48.508000,-1.75061084273,5.30065895786,0.000733237341907
1970/01/01/07:22:48.558000,-1.75060045465,5.3060755127,0.000733247866103
1970/01/01/07:22:48.608000,-1.75058995386,5.31133941648,0.000733258326401
1970/01/01/07:22:48.658000,-1.75057934503,5.31645702018,0.000733268717123
1970/01/01/07:22:48.757000,-1.75056863152,5.32143293004,0.000733279038513
1970/01/01/07:22:48.808000,-1.75055781911,5.32627504369,0.000733289298629
1970/01/01/07:22:48.858000,-1.75054690487,5.33097935018,0.000733299487162
1970/01/01/07:22:48.908000,-1.7505359708,5.33565765496,0.000733309611134
1970/01/01/07:22:48.958000,-1.75052495868,5.34023061041,0.000733319671429
1970/01/01/07:22:49.009000,-1.75051385238,5.34467616665,0.000733329668706
1970/01/01/07:22:49.058000,-1.75050490548,5.34899882812,0.000733339597747
1970/01/01/07:22:49.107000,-1.75049616818,5.3531992862,0.000733349460568
1970/01/01/07:22:49.158000,-1.75048734556,5.35728449603,0.000733359261574
1970/01/01/07:22:49.208000,-1.75047843465,5.36125045836,0.000733368997206
1970/01/01/07:22:49.258000,-1.75046944072,5.36510431813,0.000733378666416
1970/01/01/07:22:49.309000,-1.75046036431,5.3688468285,0.000733388272602
1970/01/01/07:22:49.358000,-1.75045120892,5.37248274284,0.000733397819297
1970/01/01/07:22:49.408000,-1.75044197799,5.37601675274,0.000733407303545
1970/01/01/07:22:49.458000,-1.7504326725,5.37945021456,0.000733416723583
1970/01/01/07:22:49.508000,-1.75048579309,5.3827855751,0.000733426104204
1970/01/01/07:22:49.558000,-1.7511891217,5.38602485635,0.000733435826659
1970/01/01/07:22:49.608000,-1.75253209752,5.38917439807,0.000733446559167
1970/01/01/07:22:49.658000,-1.75452460449,5.39223312879,0.000733458939822
1970/01/01/07:22:49.709000,-1.75716398069,5.39520593273,0.000733473593544
1970/01/01/07:22:49.759000,-1.76044081328,5.39809500621,0.000733491144108
1970/01/01/07:22:49.808000,-1.7643221877,5.40090136173,0.000733512190418
1970/01/01/07:22:49.858000,-1.76880504563,5.40362919446,0.000733537338519
1970/01/01/07:22:49.908000,-1.77385452433,5.40627911565,0.000733567174916
1970/01/01/07:22:49.958000,-1.77947661042,5.40885235295,0.000733602302823
1970/01/01/07:22:50.009000,-1.78563234711,5.41135437328,0.000733643325662
1970/01/01/07:22:50.058000,-1.79231637059,5.41378566635,0.00073369085315
1970/01/01/07:22:50.108000,-1.79951356982,5.41614704191,0.000733745516503
1970/01/01/07:22:50.158000,-1.80721068555,5.41844114817,0.000733807971074
1970/01/01/07:22:50.208000,-1.81540270495,5.42066942257,0.000733880410114
1970/01/01/07:22:50.258000,-1.82405635581,5.42283691751,0.00073397158395
1970/01/01/07:22:50.308000,-1.83316749551,5.42494404494,0.00073409180575
1970/01/01/07:22:50.358000,-1.84272278916,5.42699075177,0.00073425951663
1970/01/01/07:22:50.406000,-1.85270889359,5.42897906756,0.000734472563445
1970/01/01/07:22:50.458000,-1.86311364608,5.43091187024,0.000734713837553
1970/01/01/07:22:50.509000,-1.87392623885,5.43278907231,0.000735017154703
1970/01/01/07:22:50.558000,-1.88514210367,5.4346107175,0.000735406987795
1970/01/01/07:22:50.608000,-1.89673398633,5.43638116326,0.000735917624986
1970/01/01/07:22:50.659000,-1.90869834442,5.43810023891,0.000736582915276
1970/01/01/07:22:50.708000,-1.92103805028,5.43976776983,0.000737472538398
1970/01/01/07:22:50.758000,-1.9337187006,5.44138572288,0.000738671649713
1970/01/01/07:22:50.808000,-1.94673127137,5.44295308819,0.000740291265805
1970/01/01/07:22:50.858000,-1.96006968778,5.44446839805,0.000742499445717
1970/01/01/07:22:50.907000,-1.97372019259,5.44592898603,0.000745525774177
1970/01/01/07:22:50.958000,-1.987666455,5.44732841697,0.000749656404675
1970/01/01/07:22:51.008000,-2.00187918153,5.44865527893,0.000755120952551
1970/01/01/07:22:51.058000,-2.01632925099,5.449883463,0.00076164105373
1970/01/01/07:22:51.108000,-2.03095581913,5.45095551684,0.000766718863003
1970/01/01/07:22:51.158000,-2.04568493447,5.45177605554,0.00076425432446
1970/01/01/07:22:51.258000,-2.06063018587,5.45236244401,0.000739780974762
1970/01/01/07:22:51.308000,-2.07581443669,5.45282923862,0.00068420229899
1970/01/01/07:22:51.358000,-2.09123186987,5.45325599567,0.000611037520906
1970/01/01/07:22:51.408000,-2.10689907673,5.4536944163,0.00052907889211
1970/01/01/07:22:51.458000,-2.12312858469,5.45419260802,0.000422854558573
1970/01/01/07:22:51.509000,-2.13970363606,5.45477197129,0.000268676450747
1970/01/01/07:22:51.558000,-2.15657945686,5.45543953738,9.95116073441e-05
1970/01/01/07:22:51.608000,-2.17378339828,5.45618003479,-2.85105590198e-05
1970/01/01/07:22:51.658000,-2.19126088387,5.45696723817,-0.000115522873667
1970/01/01/07:22:51.708000,-2.20901001054,5.45777845582,-0.000169601392239
1970/01/01/07:22:51.758000,-2.22701178426,5.45860405524,-0.000198874985152
1970/01/01/07:22:51.808000,-2.24522949707,5.45943348895,-0.000210214543329
1970/01/01/07:22:51.858000,-2.2636589879,5.46026315543,-0.000208900362108
1970/01/01/07:22:51.908000,-2.28230344729,5.46108877911,-0.000198808410526
1970/01/01/07:22:51.958000,-2.30114476401,5.46190827741,-0.000182735013635
1970/01/01/07:22:52.008000,-2.32017152377,5.46271916606,-0.000162699812014
1970/01/01/07:22:52.058000,-2.33938007129,5.46351565604,-0.000140177370845
1970/01/01/07:22:52.108000,-2.35876310144,5.46429815551,-0.000116258982138
1970/01/01/07:22:52.159000,-2.37832434724,5.46506413768,-9.17618180221e-05
1970/01/01/07:22:52.208000,-2.39802818185,5.46581268278,-6.73022205326e-05
1970/01/01/07:22:52.258000,-2.41788427238,5.46654216263,-4.33450004183e-05
1970/01/01/07:22:52.309000,-2.4378893779,5.46725195294,-2.02360610952e-05
1970/01/01/07:22:52.358000,-2.45804607504,5.46794256562,1.7770638474e-06
1970/01/01/07:22:52.408000,-2.4783341192,5.46861668049,2.25330338752e-05
1970/01/01/07:22:52.458000,-2.49876430622,5.46927472552,4.19488560345e-05
1970/01/01/07:22:52.508000,-2.51931846223,5.46991725442,6.00121571603e-05
1970/01/01/07:22:52.558000,-2.54000770293,5.47054871582,7.67699958294e-05
1970/01/01/07:22:52.608000,-2.56082774625,5.47116860341,9.23140201722e-05
1970/01/01/07:22:52.658000,-2.58176511566,5.47177775742,0.000106762600223
1970/01/01/07:22:52.708000,-2.60282551192,5.47237874341,0.000120244080347
1970/01/01/07:22:52.758000,-2.62400465651,5.47297080511,0.000132883219247
1970/01/01/07:22:52.808000,-2.64530361322,5.4735531148,0.000144792328026
1970/01/01/07:22:52.857000,-2.66672710968,5.47412710106,0.000156067029665
1970/01/01/07:22:52.908000,-2.68825698472,5.47469246336,0.000166785433638
1970/01/01/07:22:52.959000,-2.70987644207,5.47524887151,0.000177009486723
1970/01/01/07:22:53.008000,-2.73159747616,5.47579711752,0.000186787382523
1970/01/01/07:22:53.059000,-2.75341418138,5.47633740413,0.000196156262258
1970/01/01/07:22:53.108000,-2.77532681891,5.47686864819,0.000205144757722
1970/01/01/07:22:53.158000,-2.79733206503,5.477390884,0.000213775165904
1970/01/01/07:22:53.208000,-2.81943186414,5.47790411988,0.000222065195723
1970/01/01/07:22:53.258000,-2.84161923437,5.47840742185,0.000230029309665
1970/01/01/07:22:53.307000,-2.86388465798,5.47890103191,0.000237679719656
1970/01/01/07:22:53.358000,-2.8862479339,5.47938559969,0.000245027106248
1970/01/01/07:22:53.409000,-2.9086822782,5.47986139581,0.000252081125956
1970/01/01/07:22:53.458000,-2.93118176699,5.48032796215,0.000258850761589
1970/01/01/07:22:53.508000,-2.95375653757,5.48078483817,0.000265344559024
1970/01/01/07:22:53.559000,-2.97640029056,5.48123233595,0.000271570783433
1970/01/01/07:22:53.608000,-2.99911238993,5.48167177117,0.000277537519231
1970/01/01/07:22:53.659000,-3.02189085797,5.48210201628,0.000283252731214
1970/01/01/07:22:53.708000,-3.04474397548,5.48252395685,0.000288724299227
1970/01/01/07:22:53.763000,-3.06765443078,5.48293630061,0.000293960035015
1970/01/01/07:22:53.858000,-3.0906232736,5.48333994652,0.000298967687235
1970/01/01/07:22:53.908000,-3.11365076351,5.48373580372,0.000303754938807
1970/01/01/07:22:53.958000,-3.1371900139,5.48413160334,0.000308329399438
1970/01/01/07:22:54.008000,-3.16091604436,5.48452111736,0.000312698595329
1970/01/01/07:22:54.058000,-3.18470688137,5.48490226488,0.000316869957415
1970/01/01/07:22:54.108000,-3.20855290893,5.48527474825,0.000320850809107
1970/01/01/07:22:54.158000,-3.23244031608,5.48563885733,0.000324648354165
1970/01/01/07:22:54.208000,-3.2563524487,5.48599429642,0.000328269665155
1970/01/01/07:22:54.258000,-3.28029651557,5.48634096891,0.000331721672785
1970/01/01/07:22:54.308000,-3.304271021,5.48667878607,0.000335011156297
1970/01/01/07:22:54.358000,-3.32827812477,5.48701011607,0.000338144735011
1970/01/01/07:22:54.408000,-3.35232539064,5.48733252322,0.0003411288611
1970/01/01/07:22:54.458000,-3.37639009556,5.48764839294,0.000343969813556
1970/01/01/07:22:54.508000,-3.40049510869,5.48795484255,0.00034667369336
1970/01/01/07:22:54.558000,-3.42461636761,5.48825481601,0.000349246419784
1970/01/01/07:22:54.608000,-3.44878660211,5.48854808791,0.000351693727773
1970/01/01/07:22:54.658000,-3.47295784288,5.48883436416,0.000354021166331
1970/01/01/07:22:54.708000,-3.49715352878,5.48911152645,0.000356234097827
1970/01/01/07:22:54.758000,-3.52137326348,5.48938217265,0.000358337698154
1970/01/01/07:22:54.806000,-3.54561473535,5.48964809602,0.000360336957634
1970/01/01/07:22:54.858000,-3.56987749369,5.48990720569,0.000362236682616
1970/01/01/07:22:54.909000,-3.59416229421,5.49015915562,0.000364041497663
1970/01/01/07:22:54.958000,-3.61846868777,5.49040460066,0.000365755848269
1970/01/01/07:22:55.009000,-3.64279603578,5.49064494509,0.00036738400403
1970/01/01/07:22:55.058000,-3.66714229393,5.49087815768,0.000368930062204
1970/01/01/07:22:55.108000,-3.69150777378,5.49110480267,0.00037039795159
1970/01/01/07:22:55.158000,-3.71589033838,5.49132734552,0.000371791436683
1970/01/01/07:22:55.208000,-3.74029710064,5.49154404367,0.000373114122048
1970/01/01/07:22:55.258000,-3.7647305352,5.49175432301,0.000374369456854
1970/01/01/07:22:55.308000,-3.7891756581,5.49195980773,0.000375560739548
1970/01/01/07:22:55.358000,-3.8136282887,5.49216076826,0.000376691122612
1970/01/01/07:22:55.408000,-3.83809729979,5.49235588163,0.000377763617379
1970/01/01/07:22:55.458000,-3.86258106229,5.49254476791,0.000378781098871
1970/01/01/07:22:55.508000,-3.88708510454,5.49272875124,0.000379746310639
1970/01/01/07:22:55.558000,-3.91160550393,5.49290791273,0.000380661869585
1970/01/01/07:22:55.607000,-3.93613203742,5.49308348556,0.000381530270727
1970/01/01/07:22:55.658000,-3.96067218352,5.49325549831,0.000382353891914
1970/01/01/07:22:55.708000,-3.98522567191,5.49342263009,0.000383134998465
1970/01/01/07:22:55.758000,-4.00979248704,5.49358486294,0.000383875747713
1970/01/01/07:22:55.808000,-4.03437120891,5.49374218136,0.000384578193454
1970/01/01/07:22:55.858000,-4.05896207222,5.49389602017,0.000385244290292
1970/01/01/07:22:55.908000,-4.08357266268,5.49404591277,0.000385875897866
1970/01/01/07:22:55.958000,-4.10819096102,5.49419249786,0.000386474784961
1970/01/01/07:22:56.010000,-4.13283020319,5.49433520881,0.000387042633494
1970/01/01/07:22:56.058000,-4.15747377569,5.49447448737,0.000387581042373
1970/01/01/07:22:56.109000,-4.1821189675,5.49460966696,0.000388091531232
1970/01/01/07:22:56.158000,-4.20677496416,5.49474154237,0.000388575544037
1970/01/01/07:22:56.211000,-4.23147556424,5.49486923357,0.000389034452559
1970/01/01/07:22:56.258000,-4.25617325226,5.49499375553,0.000389469559721
1970/01/01/07:22:56.308000,-4.28085961016,5.49511584749,0.000389882102822
1970/01/01/07:22:56.408000,-4.30555082998,5.49523343797,0.00039027325663
1970/01/01/07:22:56.458000,-4.33025986346,5.495348075,0.000390644136353
1970/01/01/07:22:56.508000,-4.35496944179,5.49546030108,0.000390995800493
1970/01/01/07:22:56.558000,-4.38020306148,5.49557190385,0.000391329253574
1970/01/01/07:22:56.608000,-4.4055559074,5.49568138203,0.000391645448762
1970/01/01/07:22:56.658000,-4.43091653639,5.49578843237,0.000391945290369
1970/01/01/07:22:56.707000,-4.45628507727,5.49589073642,0.000392229636246
1970/01/01/07:22:56.758000,-4.48165003363,5.49599024357,0.000392499300077
1970/01/01/07:22:56.808000,-4.50700519461,5.4960872621,0.000392755053561
1970/01/01/07:22:56.858000,-4.53235245124,5.49618177557,0.000392997628504
1970/01/01/07:22:56.908000,-4.55768956203,5.49627377876,0.000393227718809
1970/01/01/07:22:56.958000,-4.58301635478,5.49636327878,0.000393445982377
1970/01/01/07:22:57.008000,-4.60833518335,5.49645020835,0.000393653042922
1970/01/01/07:22:57.058000,-4.63364378971,5.49653461383,0.000393849491689
1970/01/01/07:22:57.108000,-4.6589454172,5.49661649055,0.00039403588911
1970/01/01/07:22:57.158000,-4.6842503163,5.49669584129,0.000394212766361
1970/01/01/07:22:57.208000,-4.7095357297,5.49677291025,0.000394380626858
1970/01/01/07:22:57.258000,-4.73481341068,5.49684974208,0.000394539947673
1970/01/01/07:22:57.308000,-4.76008301282,5.49692403219,0.000394691180885
1970/01/01/07:22:57.358000,-4.78534306568,5.49699578686,0.000394834754863
1970/01/01/07:22:57.408000,-4.81059737575,5.49706544177,0.000394971075485
1970/01/01/07:22:57.458000,-4.83584408404,5.49713464711,0.000395100527302
1970/01/01/07:22:57.508000,-4.86108359259,5.49720129723,0.000395223474635
1970/01/01/07:22:57.558000,-4.88631734926,5.49726539195,0.000395340262626
1970/01/01/07:22:57.608000,-4.91154399368,5.49732758676,0.000395451218231
1970/01/01/07:22:57.658000,-4.93676477267,5.49738912135,0.000395556651167
1970/01/01/07:22:57.708000,-4.96197853799,5.49744809149,0.000395656854807
1970/01/01/07:22:57.758000,-4.98718714476,5.49750529555,0.000395752107031
1970/01/01/07:22:57.808000,-5.01239398787,5.49756168563,0.000395842671038
1970/01/01/07:22:57.858000,-5.03759796192,5.49761641331,0.00039592879611
1970/01/01/07:22:57.908000,-5.0627885204,5.49767022399,0.000396010718341
1970/01/01/07:22:57.958000,-5.08797390405,5.49772146058,0.000396088661328
1970/01/01/07:22:58.007000,-5.11315421276,5.49777117295,0.000396162836826
1970/01/01/07:22:58.058000,-5.13832925279,5.49781981039,0.00039623344537
1970/01/01/07:22:58.107000,-5.16351636848,5.49786701419,0.000396300676866
1970/01/01/07:22:58.158000,-5.18870130043,5.4979130448,0.000396364711145
1970/01/01/07:22:58.208000,-5.21386200311,5.49795776027,0.0003964257185
1970/01/01/07:22:58.257000,-5.23901888326,5.498001195,0.000396483860183
1970/01/01/07:22:58.308000,-5.26418368089,5.49804339334,0.000396539288885
1970/01/01/07:22:58.358000,-5.28967979107,5.49808412587,0.000396592149188
1970/01/01/07:22:58.408000,-5.31546007225,5.49812356053,0.000396642577988
1970/01/01/07:22:58.458000,-5.34087386871,5.49816315608,0.000396690704907
1970/01/01/07:22:58.508000,-5.36639023214,5.49820118092,0.000396736652677
1970/01/01/07:22:58.558000,-5.39175171778,5.49823828449,0.000396780537499
1970/01/01/07:22:58.608000,-5.41684861053,5.49827385392,0.000396822469397
1970/01/01/07:22:58.658000,-5.44193316628,5.49830853942,0.000396862552537
1970/01/01/07:22:58.708000,-5.46745653743,5.49834306248,0.000396900885541
1970/01/01/07:22:58.758000,-5.49272691848,5.49837594462,0.000396937561784
1970/01/01/07:22:58.808000,-5.51779546613,5.49840811625,0.000396972669666
1970/01/01/07:22:58.858000,-5.54285191143,5.49844030255,0.000397006292881
1970/01/01/07:22:58.958000,-5.56790056483,5.49847054861,0.000397038510663
1970/01/01/07:22:59.008000,-5.59294603565,5.49850020394,0.000397069398025
1970/01/01/07:22:59.058000,-5.61798886458,5.49852986863,0.000397099025985
1970/01/01/07:22:59.108000,-5.64356674769,5.49855932869,0.000397127461772
1970/01/01/07:22:59.158000,-5.66924888304,5.49858666191,0.000397154769035
1970/01/01/07:22:59.208000,-5.69440378302,5.49861376306,0.000397181008027
1970/01/01/07:22:59.258000,-5.71889398693,5.49864113482,0.000397206235791
1970/01/01/07:22:59.308000,-5.74270754703,5.49866647849,0.000397230506325
1970/01/01/07:22:59.358000,-5.76585551469,5.49869184213,0.00039725387075
1970/01/01/07:22:59.408000,-5.78834749126,5.49871747198,0.000397276377457
1970/01/01/07:22:59.458000,-5.81020141476,5.49874336062,0.000397298072258
1970/01/01/07:22:59.508000,-5.83144774499,5.49876704235,0.00039731899852
1970/01/01/07:22:59.560000,-5.85207867962,5.49879087321,0.000397339197295
1970/01/01/07:22:59.608000,-5.8721165215,5.49881494423,0.000397358707447
1970/01/01/07:22:59.658000,-5.89158601411,5.49883909585,0.000397377565762
1970/01/01/07:22:59.709000,-5.91050531735,5.49886107831,0.000397395807065
1970/01/01/07:22:59.758000,-5.92887817536,5.49888328174,0.000397413464323
1970/01/01/07:22:59.807000,-5.94674253698,5.49890569085,0.00039743056874
1970/01/01/07:22:59.858000,-5.96410199673,5.49892795357,0.000397447149857
1970/01/01/07:22:59.907000,-5.9809720621,5.49894821102,0.000397463235637
1970/01/01/07:22:59.958000,-5.99736643544,5.4989686606,0.000397478852548
1970/01/01/07:23:00.008000,-6.01330000606,5.49898929621,0.000397494025646
1970/01/01/07:23:00.058000,-6.02878393367,5.49901011329,0.00039750877865
1970/01/01/07:23:00.108000,-6.0438560633,5.49903064602,0.000397523134012
1970/01/01/07:23:00.158000,-6.05848044683,5.49904925633,0.000397537112982
1970/01/01/07:23:00.208000,-6.07269422985,5.49906803217,0.000397550735679
1970/01/01/07:23:00.258000,-6.08650801398,5.49908696921,0.000397564021145
1970/01/01/07:23:00.308000,-6.09995510162,5.4991060541,0.000397576987405
1970/01/01/07:23:00.358000,-6.11299699295,5.49912440081,0.000397589651521
1970/01/01/07:23:00.409000,-6.12568038088,5.49914123965,0.000397602029645
1970/01/01/07:23:00.458000,-6.13800107098,5.49915822444,0.000397614137064
1970/01/01/07:23:00.508000,-6.14998251686,5.49917534577,0.000397625988249
1970/01/01/07:23:00.558000,-6.16162911342,5.49919260179,0.000397637596897
1970/01/01/07:23:00.608000,-6.1729499098,5.49920889259,0.000397648975975
1970/01/01/07:23:00.658000,-6.18395435596,5.49922386551,0.000397660137758
1970/01/01/07:23:00.708000,-6.19465160218,5.4992389619,0.000397671093863
1970/01/01/07:23:00.758000,-6.20504975272,5.49925417847,0.000397681855287
1970/01/01/07:23:00.808000,-6.21515670582,5.49926951202,0.000397692432434
1970/01/01/07:23:00.858000,-6.22498171159,5.49928495879,0.000397702835156
1970/01/01/07:23:00.904000,-6.23453411874,5.49929911313,0.00039771307279
1970/01/01/07:23:00.959000,-6.24382017435,5.49931222282,0.000397723154129
1970/01/01/07:23:01.007000,-6.25285193136,5.49932543458,0.000397733087567
1970/01/01/07:23:01.058000,-6.26162863941,5.49933874866,0.000397742881021
1970/01/01/07:23:01.108000,-6.27016619453,5.49935215869,0.000397752541971
1970/01/01/07:23:01.158000,-6.27846059886,5.49936566622,0.000397762077513
1970/01/01/07:23:01.208000,-6.28652520618,5.49937926589,0.000397771494268
1970/01/01/07:23:01.258000,-6.29436536873,5.49939120316,0.000397780798848
1970/01/01/07:23:01.308000,-6.30198732816,5.4994024268,0.000397789996984
1970/01/01/07:23:01.357000,-6.30939903791,5.4994137347,0.00039779909448
1970/01/01/07:23:01.408000,-6.31660069442,5.49942512675,0.000397808096305
1970/01/01/07:23:01.507000,-6.32360675343,5.49943659716,0.000397817008087
1970/01/01/07:23:01.559000,-6.33041921333,5.49944814511,0.000397825834362
1970/01/01/07:23:01.608000,-6.33704337843,5.49945976846,0.000397834579304
1970/01/01/07:23:01.658000,-6.34363154524,5.49947140659,0.000397843248021
1970/01/01/07:23:01.708000,-6.35006921319,5.49948310505,0.000397851843546
1970/01/01/07:23:01.758000,-6.3563292779,5.49949487458,0.000397860370746
1970/01/01/07:23:01.808000,-6.36241704374,5.49950447069,0.000397868815019
1970/01/01/07:23:01.858000,-6.36833321246,5.49951383651,0.000397877237576
1970/01/01/07:23:01.908000,-6.37408012613,5.49952326936,0.000397885362362
1970/01/01/07:23:01.959000,-6.37966214373,5.4995327688,0.000397893842693
1970/01/01/07:23:02.008000,-6.38508850705,5.49954233107,0.000397902080543
1970/01/01/07:23:02.058000,-6.39036127312,5.49955195428,0.000397910254681
1970/01/01/07:23:02.108000,-6.39548038348,5.49956163909,0.000397918577662
1970/01/01/07:23:02.158000,-6.40045409524,5.49957138164,0.000397927095865
1970/01/01/07:23:02.207000,-6.40528756429,5.49958103281,0.00039793767231
1970/01/01/07:23:02.258000,-6.40998108146,5.4995883433,0.000397953654787
1970/01/01/07:23:02.308000,-6.41454479426,5.49959571471,0.000397978165612
1970/01/01/07:23:02.358000,-6.41897911468,5.49960315004,0.000398011869272
1970/01/01/07:23:02.409000,-6.42328897917,5.49961065439,0.000398061834846
1970/01/01/07:23:02.458000,-6.42747744891,5.49961823079,0.000398131425852
1970/01/01/07:23:02.508000,-6.43155566067,5.49962584795,0.000398198157493
1970/01/01/07:23:02.557000,-6.43550897678,5.49963352624,0.000398275144652
1970/01/01/07:23:02.607000,-6.43936580003,5.49964125483,0.000398357474499
1970/01/01/07:23:02.658000,-6.44310142205,5.49964904312,0.000398450068577
1970/01/01/07:23:02.708000,-6.44673173758,5.49965686546,0.000398533903032
1970/01/01/07:23:02.758000,-6.45026065195,5.4996647545,0.000398629816959
1970/01/01/07:23:02.808000,-6.45368966714,5.49967267779,0.000398711723318
1970/01/01/07:23:02.858000,-6.45702328499,5.49967986089,0.000398775206138
1970/01/01/07:23:02.908000,-6.46026329918,5.49968536444,0.000398807147346
1970/01/01/07:23:02.959000,-6.46341321292,5.49969092066,0.000398836196938
1970/01/01/07:23:03.008000,-6.46647233238,5.49969651311,0.000398862322748
1970/01/01/07:23:03.058000,-6.46944730456,5.49970212331,0.000398879608551
1970/01/01/07:23:03.108000,-6.47233857491,5.49970777807,0.000398914541148
1970/01/01/07:23:03.158000,-6.47514924781,5.49971347603,0.000398949446523
1970/01/01/07:23:03.208000,-6.47788162054,5.49971920412,0.000399009216303
1970/01/01/07:23:03.258000,-6.48053859082,5.4997249767,0.000399057690457
1970/01/01/07:23:03.308000,-6.48312141046,5.49973076906,0.000399110517692
1970/01/01/07:23:03.358000,-6.4856314305,5.4997365882,0.000399157673614
1970/01/01/07:23:03.408000,-6.48807134917,5.499742437,0.000399192682095
1970/01/01/07:23:03.458000,-6.49044366933,5.49974831294,0.000399216802452
1970/01/01/07:23:03.509000,-6.49274984204,5.49975421137,0.000399233750698
1970/01/01/07:23:03.558000,-6.49499101344,5.49976013236,0.000399242894347
1970/01/01/07:23:03.608000,-6.49716913765,5.49976607435,0.000399246275664
1970/01/01/07:23:03.658000,-6.4992870065,5.49977046941,0.000399243450937
1970/01/01/07:23:03.708000,-6.50134577685,5.49977394065,0.000399238491619
1970/01/01/07:23:03.758000,-6.50334844848,5.49977742287,0.000399234906617
1970/01/01/07:23:03.808000,-6.50529351989,5.49978091873,0.00039923211016
1970/01/01/07:23:03.858000,-6.50718884436,5.4997844272,0.00039923029191
1970/01/01/07:23:03.908000,-6.50902916417,5.49978794929,0.000399227487799
1970/01/01/07:23:03.958000,-6.51081948496,5.49979148254,0.000399224148583
1970/01/01/07:23:04.058000,-6.51255876276,5.4997950277,0.000399222243306
1970/01/01/07:23:04.108000,-6.51425064126,5.49979858197,0.000399220606611
1970/01/01/07:23:04.158000,-6.51589661838,5.4998021446,0.000399216273566
1970/01/01/07:23:04.208000,-6.51749489439,5.49980571765,0.000399214127039
1970/01/01/07:23:04.258000,-6.5190850706,5.49980929403,0.000399211920095
1970/01/01/07:23:04.308000,-6.5206376327,5.49927548754,0.00039920036081
1970/01/01/07:23:04.358000,-6.52214798094,5.49809375428,0.000399193551108
1970/01/01/07:23:04.408000,-6.52361647282,5.49626203456,0.000399186528038
1970/01/01/07:23:04.458000,-6.52504310056,5.49378033272,0.000399179683129
1970/01/01/07:23:04.508000,-6.5264302816,5.49066064897,0.000399172844216
1970/01/01/07:23:04.558000,-6.52777820836,5.48690888376,0.00039916602232
1970/01/01/07:23:04.608000,-6.52908689512,5.48256532726,0.000399158902336
1970/01/01/07:23:04.657000,-6.53035819528,5.477625733,0.000399152092798
1970/01/01/07:23:04.708000,-6.53159286875,5.47211746707,0.000399145139138
1970/01/01/07:23:04.758000,-6.53279238099,5.46607946012,0.000399138188551
1970/01/01/07:23:04.808000,-6.53395722832,5.45949321184,0.000399131140552
1970/01/01/07:23:04.858000,-6.53508766267,5.4523674782,0.000399124096721
1970/01/01/07:23:04.908000,-6.53618669547,5.44474776055,0.000399116933997
1970/01/01/07:23:04.958000,-6.53725432879,5.43663614887,0.000399109854205
1970/01/01/07:23:05.008000,-6.53829153188,5.42805710487,0.000399102707094
1970/01/01/07:23:05.058000,-6.53929939535,5.41900641948,0.000399095309284
1970/01/01/07:23:05.108000,-6.54027903216,5.40951639961,0.00039908789798
1970/01/01/07:23:05.158000,-6.54123039265,5.39958648039,0.000399080522719
1970/01/01/07:23:05.208000,-6.54215507954,5.38921567613,0.00039907309176
1970/01/01/07:23:05.259000,-6.54305360709,5.37844057857,0.000399065591628
1970/01/01/07:23:05.307000,-6.54392660256,5.36708429071,0.000399058047562
1970/01/01/07:23:05.358000,-6.54477518269,5.35507341315,0.0003990503864
1970/01/01/07:23:05.408000,-6.54559859541,5.34313614598,0.000399042650975
1970/01/01/07:23:05.458000,-6.54639931544,5.33083394629,0.000399034830365
1970/01/01/07:23:05.508000,-6.54717819429,5.3181773507,0.000399026950298
1970/01/01/07:23:05.558000,-6.54793489198,5.30518550787,0.000399018973848
1970/01/01/07:23:05.608000,-6.54867025342,5.29186042568,0.000399010883525
1970/01/01/07:23:05.658000,-6.54938468177,5.27820830103,0.000399002781073
1970/01/01/07:23:05.708000,-6.55007928211,5.26423818398,0.000398994719983
1970/01/01/07:23:05.758000,-6.55075441317,5.24995952436,0.000398986543086
1970/01/01/07:23:05.808000,-6.5514098273,5.23537547289,0.000398978296619
1970/01/01/07:23:05.858000,-6.55204692377,5.22049462539,0.000398970065446
1970/01/01/07:23:05.908000,-6.55266571076,5.20533688723,0.000398961739129
1970/01/01/07:23:05.958000,-6.55326753287,5.18990325577,0.000398953357446
1970/01/01/07:23:06.008000,-6.55385364802,5.17420443169,0.000398944880587
1970/01/01/07:23:06.058000,-6.55442261455,5.15825311853,0.000398936306174
1970/01/01/07:23:06.108000,-6.55497478303,5.14205000931,0.00039892778017
1970/01/01/07:23:06.158000,-6.55551155972,5.12560660414,0.000398919206806
1970/01/01/07:23:06.208000,-6.5560339381,5.1089199549,0.0003989106309
1970/01/01/07:23:06.258000,-6.55654187663,5.09200606493,0.000398901973319
1970/01/01/07:23:06.308000,-6.55703552246,5.07486408112,0.000398893135896
1970/01/01/07:23:06.358000,-6.55751607689,5.05750459552,0.000398884338499
1970/01/01/07:23:06.408000,-6.55798355039,5.03993291622,0.000398875430901
1970/01/01/07:23:06.458000,-6.55843794022,5.02215433837,0.000398866587985
1970/01/01/07:23:06.508000,-6.55887925456,5.0041760717,0.00039885763971
1970/01/01/07:23:06.608000,-6.55930749011,4.98600411206,0.000398848581928
1970/01/01/07:23:06.658000,-6.55972464779,4.96764174857,0.000398839476322
1970/01/01/07:23:06.708000,-6.56012903639,4.94909224308,0.000398830371496
1970/01/01/07:23:06.759000,-6.56053095066,4.92997573808,0.000398821222178
1970/01/01/07:23:06.808000,-6.56092416444,4.91060903664,0.000398811985813
1970/01/01/07:23:06.859000,-6.56130690926,4.89107194122,0.000398802731178
1970/01/01/07:23:06.908000,-6.5616791851,4.87136549425,0.000398793449641
1970/01/01/07:23:06.958000,-6.56204099787,4.85150385826,0.000398784056576
1970/01/01/07:23:07.007000,-6.56239235104,4.83149586602,0.000398774637664
1970/01/01/07:23:07.058000,-6.56273325751,4.81134468644,0.000398765128997
1970/01/01/07:23:07.108000,-6.56306370842,4.79105540984,0.000398755626193
1970/01/01/07:23:07.158000,-6.56338620875,4.77063333007,0.00039874600446
1970/01/01/07:23:07.208000,-6.56369800421,4.75007640718,0.000398736363232
1970/01/01/07:23:07.258000,-6.56400180197,4.72939469049,0.000398726687295
1970/01/01/07:23:07.309000,-6.56429550031,4.70859102304,0.000398716945299
1970/01/01/07:23:07.358000,-6.5645813533,4.6876703626,0.0003987071912
1970/01/01/07:23:07.408000,-6.56485935053,4.66663194836,0.000398697375483
1970/01/01/07:23:07.457000,-6.56512950182,4.64547203551,0.000398687470338
1970/01/01/07:23:07.509000,-6.56539181653,4.62421452821,0.000398677602404
1970/01/01/07:23:07.558000,-6.5656465928,4.60285512843,0.000398667654587
1970/01/01/07:23:07.608000,-6.56589377813,4.58139037204,0.000398657651579
1970/01/01/07:23:07.658000,-6.56613511463,4.55981501943,0.000398647587969
1970/01/01/07:23:07.706000,-6.56636916998,4.53815372655,0.00039863748394
1970/01/01/07:23:07.758000,-6.56659739263,4.51639743133,0.000398627319378
1970/01/01/07:23:07.808000,-6.56681842938,4.49455078979,0.000398617111856
1970/01/01/07:23:07.858000,-6.56703352539,4.4726122476,0.000398606847378
1970/01/01/07:23:07.908000,-6.56724153804,4.45058131231,0.000398596546491
1970/01/01/07:23:07.958000,-6.56744432338,4.42847618097,0.000398586193963
1970/01/01/07:23:08.008000,-6.5676419743,4.40629104922,0.000398575792347
1970/01/01/07:23:08.058000,-6.56783429339,4.38402191573,0.000398565355349
1970/01/01/07:23:08.108000,-6.56802137863,4.36167223184,0.000398554864695
1970/01/01/07:23:08.158000,-6.56820314369,4.33900614938,0.00039854432529
1970/01/01/07:23:08.208000,-6.56837972707,4.31613217165,0.000398533723749
1970/01/01/07:23:08.258000,-6.56855103445,4.2935727969,0.00039852309073
1970/01/01/07:23:08.308000,-6.56871721661,4.27094916915,0.000398512417019
1970/01/01/07:23:08.358000,-6.56887817523,4.24826814262,0.000398501692769
1970/01/01/07:23:08.408000,-6.56903380944,4.22552627038,0.000398490912094
1970/01/01/07:23:08.457000,-6.56918557059,4.20272210288,0.000398480083656
1970/01/01/07:23:08.508000,-6.56933340908,4.17985793535,0.000398469207129
1970/01/01/07:23:08.558000,-6.56947742594,4.15693416544,0.000398458294624
1970/01/01/07:23:08.609000,-6.56961746842,4.13394729538,0.000398447329645
1970/01/01/07:23:08.658000,-6.5697536839,4.11090387654,0.000398436314496
1970/01/01/07:23:08.708000,-6.56988573227,4.08781161202,0.000398425247256
1970/01/01/07:23:08.758000,-6.57001416043,4.06466734648,0.00039841414949
1970/01/01/07:23:08.808000,-6.57013832068,4.0414710846,0.000398402998542
1970/01/01/07:23:08.858000,-6.57025901154,4.01822547487,0.000398391780129
1970/01/01/07:23:08.908000,-6.57037702945,3.99492951371,0.000398380527208
1970/01/01/07:23:08.956000,-6.57049243409,3.97158595142,0.000398369237074
1970/01/01/07:23:09.008000,-6.57060346948,3.94819829356,0.00039835789476
1970/01/01/07:23:09.058000,-6.570711083,3.92476558724,0.000398346510612
1970/01/01/07:23:09.158000,-6.57081608531,3.90128868046,0.00039833506444
1970/01/01/07:23:09.208000,-6.57091846284,3.87774957488,0.000398323588153
1970/01/01/07:23:09.258000,-6.57102009347,3.85371616843,0.000398312062672
1970/01/01/07:23:09.308000,-6.57111955593,3.82951716411,0.000398300485765
1970/01/01/07:23:09.359000,-6.57121641013,3.80527871064,0.000398288855173
1970/01/01/07:23:09.409000,-6.57131064876,3.78100345395,0.000398277179121
1970/01/01/07:23:09.458000,-6.57140221416,3.75667730198,0.000398265459521
1970/01/01/07:23:09.508000,-6.5714912222,3.73233924992,0.000398253721443
1970/01/01/07:23:09.558000,-6.57157763556,3.70799339713,0.000398241971664
1970/01/01/07:23:09.608000,-6.57166144032,3.68363014775,0.000398230236143
1970/01/01/07:23:09.658000,-6.57174263529,3.65924869493,0.00039821851503
1970/01/01/07:23:09.708000,-6.57182123341,3.63485154317,0.000398206814632
1970/01/01/07:23:09.758000,-6.57189717184,3.61043594529,0.000398195153943
1970/01/01/07:23:09.808000,-6.5719706016,3.58600474717,0.000398183542491
1970/01/01/07:23:09.858000,-6.57204387569,3.56155779909,0.00039817197299
1970/01/01/07:23:09.908000,-6.57211459056,3.53709254779,0.000398160440456
1970/01/01/07:23:09.959000,-6.57218265452,3.51260305064,0.000398148941171
1970/01/01/07:23:10.008000,-6.57224841464,3.48810945513,0.00039813747079
1970/01/01/07:23:10.058000,-6.57231381912,3.46360060844,0.000398126022221
1970/01/01/07:23:10.108000,-6.57237661775,3.43907876121,0.000398114597632
1970/01/01/07:23:10.158000,-6.57243721668,3.41441116643,0.000398103194024
1970/01/01/07:23:10.209000,-6.57249714432,3.38931257103,0.000398091805792
1970/01/01/07:23:10.258000,-6.57255467158,3.36472172853,0.000398080431156
1970/01/01/07:23:10.308000,-6.57261020439,3.34014908379,0.000398069073007
1970/01/01/07:23:10.359000,-6.57266508525,3.31557123818,0.000398057723553
1970/01/01/07:23:10.408000,-6.57271736657,3.29099249345,0.000398046385921
1970/01/01/07:23:10.458000,-6.57276780106,3.26640314999,0.000398035060041
1970/01/01/07:23:10.508000,-6.57281753005,3.2417998081,0.00039802373785
1970/01/01/07:23:10.558000,-6.57286540053,3.21717881973,0.000398012422878
1970/01/01/07:23:10.608000,-6.57291237008,3.19255593048,0.0003980011161
1970/01/01/07:23:10.658000,-6.57295768429,3.16792263851,0.000397989812574
1970/01/01/07:23:10.708000,-6.57300199879,3.14327894746,0.000397978514639
1970/01/01/07:23:10.758000,-6.57304476339,3.11861960765,0.000397967216717
1970/01/01/07:23:10.808000,-6.57308642301,3.09394896784,0.000397955923267
1970/01/01/07:23:10.858000,-6.57312663095,3.06927642798,0.000397944629655
1970/01/01/07:23:10.908000,-6.57316695569,3.04489489049,0.000397933338727
1970/01/01/07:23:10.958000,-6.57320628525,3.02115555468,0.000397922043518
1970/01/01/07:23:11.008000,-6.57324456904,2.99805711862,0.00039791075396
1970/01/01/07:23:11.058000,-6.57328175536,2.97559558324,0.000397899462125
1970/01/01/07:23:11.108000,-6.57331799422,2.95377049811,0.00039788816947
1970/01/01/07:23:11.158000,-6.57335447096,2.93254106131,0.000397876875329
1970/01/01/07:23:11.208000,-6.57338968906,2.91190322434,0.000397865583349
1970/01/01/07:23:11.258000,-6.57342409005,2.89183953861,0.000397854291359
1970/01/01/07:23:11.309000,-6.57345711203,2.87233465495,0.000397842997215
1970/01/01/07:23:11.357000,-6.57348939929,2.8533720196,0.00039783169957
1970/01/01/07:23:11.408000,-6.57352189707,2.83493648459,0.000397820399124
1970/01/01/07:23:11.458000,-6.57355284701,2.81701305133,0.000397809099048
1970/01/01/07:23:11.508000,-6.57358319408,2.79958581681,0.000397797795998
1970/01/01/07:23:11.557000,-6.57361373445,2.7826425831,0.000397786490767
1970/01/01/07:23:11.658000,-6.57364256891,2.76616895033,0.000397775184736
1970/01/01/07:23:11.708000,-6.57367093761,2.75015096805,0.000397763872288
1970/01/01/07:23:11.758000,-6.57369948045,2.7345688849,0.000397752556682
1970/01/01/07:23:11.808000,-6.57372819831,2.71942499839,0.000397741236274
1970/01/01/07:23:11.858000,-6.5737569495,2.70436311093,0.000397729913844
1970/01/01/07:23:11.908000,-6.57378368534,2.68964522474,0.000397718588841
1970/01/01/07:23:11.958000,-6.57381018333,2.67533453786,0.000397707258715
1970/01/01/07:23:12.008000,-6.57383683978,2.66142045371,0.000397695922249
1970/01/01/07:23:12.059000,-6.57386134917,2.64789696755,0.000397684584467
1970/01/01/07:23:12.108000,-6.57388576515,2.63476618265,0.000397673239527
1970/01/01/07:23:12.158000,-6.57391032714,2.6220008002,0.000397661888952
1970/01/01/07:23:12.208000,-6.57393503379,2.60959741282,0.000397650533525
1970/01/01/07:23:12.258000,-6.5739574249,2.59753867536,0.000397639174137
1970/01/01/07:23:12.307000,-6.57397985735,2.58583389143,0.000397627809163
1970/01/01/07:23:12.358000,-6.57400242267,2.57446150662,0.000397616440287
1970/01/01/07:23:12.409000,-6.5740249672,2.56341106943,0.000397605067262
1970/01/01/07:23:12.458000,-6.57404524543,2.55267443281,0.000397593688457
1970/01/01/07:23:12.508000,-6.57406564267,2.54223534927,0.00039758230458
1970/01/01/07:23:12.561000,-6.57401116162,2.53209514211,0.000397570892199
1970/01/01/07:23:12.608000,-6.57333056537,2.52223169415,0.000397558918993
1970/01/01/07:23:12.657000,-6.57196520976,2.51265664139,0.000397545581472
1970/01/01/07:23:12.708000,-6.56984656139,2.50335312592,0.00039753007388
1970/01/01/07:23:12.758000,-6.56668404592,2.4943166386,0.000397511094183
1970/01/01/07:23:12.808000,-6.56339351245,2.48553526846,0.000397488426418
1970/01/01/07:23:12.858000,-6.55949282617,2.4769999201,0.000397461412821
1970/01/01/07:23:12.908000,-6.55501679132,2.46870074301,0.000397429349839
1970/01/01/07:23:12.958000,-6.54996212059,2.46064080161,0.000397391548307
1970/01/01/07:23:13.008000,-6.54435507291,2.45280334218,0.000397347320399
1970/01/01/07:23:13.058000,-6.53819545814,2.44518563168,0.000397295983983
1970/01/01/07:23:13.108000,-6.53149734125,2.43778642489,0.000397236867244
1970/01/01/07:23:13.158000,-6.52429937031,2.43059141505,0.000397169321474
1970/01/01/07:23:13.208000,-6.51663001178,2.42359004971,0.000397092737359
1970/01/01/07:23:13.259000,-6.50845833065,2.41679225417,0.00039700648309
1970/01/01/07:23:13.308000,-6.49981637962,2.41018512529,0.000396909443518
1970/01/01/07:23:13.358000,-6.4907087718,2.4037668789,0.000396800219186
1970/01/01/07:23:13.408000,-6.48115647952,2.39752864663,0.000396676536454
1970/01/01/07:23:13.458000,-6.47117480862,2.3914618908,0.000396534762768
1970/01/01/07:23:13.508000,-6.46077434488,2.38556481746,0.000396385835199
1970/01/01/07:23:13.558000,-6.44997303172,2.37983368531,0.00039621839922
1970/01/01/07:23:13.608000,-6.43877638393,2.37426328839,0.000396013163638
1970/01/01/07:23:13.658000,-6.42719647548,2.36884874283,0.000395752887771
1970/01/01/07:23:13.708000,-6.41524431544,2.3635878329,0.000395413274947
1970/01/01/07:23:13.758000,-6.4029311159,2.35847558353,0.000394930319701
1970/01/01/07:23:13.809000,-6.39026838785,2.35350970885,0.000394247672444
1970/01/01/07:23:13.858000,-6.37726824753,2.34868699032,0.000393234471085
1970/01/01/07:23:13.907000,-6.36394216363,2.34400542718,0.000391627628266
1970/01/01/07:23:13.958000,-6.35031490642,2.33946199662,0.00038887505817
1970/01/01/07:23:14.008000,-6.33637974343,2.33507099372,0.000383614330931
1970/01/01/07:23:14.058000,-6.3221767265,2.3308408675,0.000372760516805
1970/01/01/07:23:14.108000,-6.3077372497,2.32679942811,0.00035138478197
1970/01/01/07:23:14.208000,-6.29315338903,2.32301213087,0.000308280795191
1970/01/01/07:23:14.258000,-6.27848080614,2.3195834019,0.000207233580595
1970/01/01/07:23:14.308000,-6.26361373636,2.31648021488,4.05567445258e-05
1970/01/01/07:23:14.358000,-6.24854283508,2.31358864853,-0.000206223416099
1970/01/01/07:23:14.408000,-6.23296536005,2.31075136806,-0.000542242141866
1970/01/01/07:23:14.458000,-6.21706955167,2.307928724,-0.000913213885404
1970/01/01/07:23:14.508000,-6.20087632098,2.30506153678,-0.00132359597831
1970/01/01/07:23:14.558000,-6.18434156494,2.30212744895,-0.00175107043314
1970/01/01/07:23:14.608000,-6.16745922324,2.2991402705,-0.00214525457401
1970/01/01/07:23:14.659000,-6.15024917623,2.29612912127,-0.00248191816491
1970/01/01/07:23:14.708000,-6.13274606154,2.29311998952,-0.00276261105057
1970/01/01/07:23:14.758000,-6.11497961783,2.29013827112,-0.00299371890618
1970/01/01/07:23:14.808000,-6.09696769676,2.28719762069,-0.00318205957629
1970/01/01/07:23:14.858000,-6.07873080269,2.28430667669,-0.00333380939136
1970/01/01/07:23:14.908000,-6.06026392802,2.28147269099,-0.00345423900011
1970/01/01/07:23:14.957000,-6.04160339748,2.27869826152,-0.00354765916081
1970/01/01/07:23:15.008000,-6.02273726596,2.27598403386,-0.00361745606184
1970/01/01/07:23:15.060000,-6.00371437069,2.2733254858,-0.00366617272438
1970/01/01/07:23:15.108000,-5.98449374658,2.27073214985,-0.00369560931358
1970/01/01/07:23:15.159000,-5.96511281179,2.26820321893,-0.00370692776089
1970/01/01/07:23:15.208000,-5.94544300913,2.26574318849,-0.00370075666055
1970/01/01/07:23:15.257000,-5.92520415968,2.26334575006,-0.0036773000417
1970/01/01/07:23:15.308000,-5.90533755786,2.26101496103,-0.00363645872907
1970/01/01/07:23:15.358000,-5.8853227337,2.25874861363,-0.00357797570038
1970/01/01/07:23:15.408000,-5.86516585049,2.25654780243,-0.00350161607352
1970/01/01/07:23:15.458000,-5.84489019514,2.25441255068,-0.00340738574113
1970/01/01/07:23:15.508000,-5.8244866266,2.25233964031,-0.00329577738484
1970/01/01/07:23:15.558000,-5.80395542262,2.25033004001,-0.00316800809062
1970/01/01/07:23:15.607000,-5.78329965466,2.24838107778,-0.00302618545276
1970/01/01/07:23:15.658000,-5.76252283485,2.24649031336,-0.00287332561379
1970/01/01/07:23:15.708000,-5.74162622147,2.2446556616,-0.00271316864143
1970/01/01/07:23:15.758000,-5.72061178562,2.24287294502,-0.00254980140656
1970/01/01/07:23:15.808000,-5.69948430196,2.24113794915,-0.00238717982301
1970/01/01/07:23:15.859000,-5.67823876655,2.2394509372,-0.00222869003987
1970/01/01/07:23:15.909000,-5.65687751727,2.23780645387,-0.00207686737386
1970/01/01/07:23:15.958000,-5.63540454891,2.23620461778,-0.00193331766798
1970/01/01/07:23:16.008000,-5.61383754895,2.23464023049,-0.00179880837266
1970/01/01/07:23:16.058000,-5.59216127131,2.23311637113,-0.00167345585048
1970/01/01/07:23:16.108000,-5.57038411899,2.23163075751,-0.00155693644632
1970/01/01/07:23:16.158000,-5.54850365677,2.23018226582,-0.00144867315901
1970/01/01/07:23:16.207000,-5.52652929812,2.22876976179,-0.00134797692203
1970/01/01/07:23:16.258000,-5.50446911524,2.2273923271,-0.00125414080646
1970/01/01/07:23:16.308000,-5.48232156809,2.22604873142,-0.00116649521494
1970/01/01/07:23:16.358000,-5.4600911917,2.22473744174,-0.00108443494207
1970/01/01/07:23:16.408000,-5.43777638743,2.22346009765,-0.00100742805735
1970/01/01/07:23:16.458000,-5.41538227398,2.22221622483,-0.000935014263196
1970/01/01/07:23:16.508000,-5.3929110377,2.22100432685,-0.000866797977801
1970/01/01/07:23:16.557000,-5.37036469999,2.21982193486,-0.000802439423501
1970/01/01/07:23:16.608000,-5.34774615321,2.21867016662,-0.000741645585091
1970/01/01/07:23:16.660000,-5.32505826769,2.21754812228,-0.00068416197214
1970/01/01/07:23:16.709000,-5.30230199882,2.21645518819,-0.000629765555499
1970/01/01/07:23:16.807000,-5.2794814382,2.21538954461,-0.00057825893414
1970/01/01/07:23:16.858000,-5.25659606477,2.21435265588,-0.000529465632604
1970/01/01/07:23:16.908000,-5.23364954653,2.21334113026,-0.000483226366856
1970/01/01/07:23:16.958000,-5.21015384591,2.21233274588,-0.000439396104853
1970/01/01/07:23:17.008000,-5.18650429476,2.21134645138,-0.000397841761459
1970/01/01/07:23:17.058000,-5.1627993374,2.21038512733,-0.000358440390664
1970/01/01/07:23:17.108000,-5.13903974139,2.20945070708,-0.000321077763178
1970/01/01/07:23:17.159000,-5.11523519521,2.2085413166,-0.000285647240683
1970/01/01/07:23:17.208000,-5.09138319907,2.20765623094,-0.000252048877723
1970/01/01/07:23:17.258000,-5.06749356939,2.20679411082,-0.000220188698253
1970/01/01/07:23:17.308000,-5.04358300753,2.20595432697,-0.000189978106446
1970/01/01/07:23:17.360000,-5.01962665618,2.2051399367,-0.000161333401094
1970/01/01/07:23:17.408000,-4.99565151296,2.20434419315,-0.00013417537036
1970/01/01/07:23:17.458000,-4.97164606278,2.20357129965,-0.000108428949228
1970/01/01/07:23:17.508000,-4.94761013916,2.2028189022,-8.40229262334e-05
1970/01/01/07:23:17.558000,-4.92354607864,2.20208930105,-6.08896892151e-05
1970/01/01/07:23:17.608000,-4.89945259685,2.20137949227,-3.89650022296e-05
1970/01/01/07:23:17.658000,-4.87533366529,2.20068786405,-1.81878075606e-05
1970/01/01/07:23:17.708000,-4.85118840205,2.20001560372,1.49995186952e-06
1970/01/01/07:23:17.759000,-4.82701621635,2.19936090071,2.01534933516e-05
1970/01/01/07:23:17.808000,-4.802809523,2.19872344037,3.78253413674e-05
1970/01/01/07:23:17.858000,-4.77859087475,2.19810395528,5.45654629531e-05
1970/01/01/07:23:17.908000,-4.75434842397,2.19750157774,7.0421393228e-05
1970/01/01/07:23:17.958000,-4.73008427428,2.19691488881,8.54383525122e-05
1970/01/01/07:23:18.008000,-4.705798474,2.19634526363,9.96593561603e-05
1970/01/01/07:23:18.058000,-4.68149176879,2.19579077774,0.000113125318021
1970/01/01/07:23:18.108000,-4.65716575209,2.19525116057,0.000125875148254
1970/01/01/07:23:18.158000,-4.63281861577,2.1947270343,0.000137945846095
1970/01/01/07:23:18.208000,-4.60845260098,2.19421726769,0.000149372588057
1970/01/01/07:23:18.258000,-4.58406774427,2.19372013381,0.000160188811951
1970/01/01/07:23:18.308000,-4.55966502627,2.19323660392,0.000170426297073
1970/01/01/07:23:18.358000,-4.53524512709,2.19276734785,0.0001801152408
1970/01/01/07:23:18.408000,-4.51080228691,2.1923107825,0.000189284331857
1970/01/01/07:23:18.458000,-4.48633583105,2.19186692514,0.000197960820421
1970/01/01/07:23:18.508000,-4.46186018176,2.1914348403,0.000206170585249
1970/01/01/07:23:18.559000,-4.43737717188,2.19101364298,0.000213938197954
1970/01/01/07:23:18.608000,-4.41256657632,2.19060426757,0.000221286984584
1970/01/01/07:23:18.658000,-4.38774126368,2.19020636023,0.000228239084596
1970/01/01/07:23:18.708000,-4.36321381269,2.18981981313,0.000234815507342
1970/01/01/07:23:18.758000,-4.33867719467,2.18944345814,0.000241036186155
1970/01/01/07:23:18.808000,-4.31413642416,2.189077502,0.000246920030134
1970/01/01/07:23:18.858000,-4.28958677135,2.18872155774,0.000252484973703
1970/01/01/07:23:18.907000,-4.26501556233,2.18837604144,0.000257748024024
1970/01/01/07:23:18.958000,-4.2404281607,2.18803895931,0.000262725306353
1970/01/01/07:23:19.008000,-4.2158366792,2.18771116835,0.000267432107395
1970/01/01/07:23:19.058000,-4.19123813245,2.18739192704,0.000271882916738
1970/01/01/07:23:19.107000,-4.16706643621,2.18708197559,0.00027609146644
1970/01/01/07:23:19.158000,-4.14353410473,2.18678030816,0.000280070768823
1970/01/01/07:23:19.208000,-4.12064115075,2.18648612613,0.000283833152556
1970/01/01/07:23:19.258000,-4.0983780827,2.18619943921,0.000287390297078
1970/01/01/07:23:19.358000,-4.07671986603,2.18592010422,0.000290753265426
1970/01/01/07:23:19.408000,-4.05566140436,2.18564827375,0.000293932535538
1970/01/01/07:23:19.458000,-4.0347401607,2.18537808866,0.000296938030081
1970/01/01/07:23:19.507000,-4.01427385056,2.1851138131,0.000299779144866
1970/01/01/07:23:19.558000,-3.99439578005,2.18485735627,0.000302464775911
1970/01/01/07:23:19.608000,-3.97500301634,2.18460755098,0.000305003345193
1970/01/01/07:23:19.658000,-3.95619811065,2.18436367079,0.00030740282517
1970/01/01/07:23:19.708000,-3.93793577172,2.18412713028,0.000309670762095
1970/01/01/07:23:19.757000,-3.92019195206,2.18389579154,0.000311814298192
1970/01/01/07:23:19.808000,-3.90295341544,2.1836718091,0.000313840192743
1970/01/01/07:23:19.857000,-3.88620446594,2.18345294276,0.000315754842124
1970/01/01/07:23:19.908000,-3.86993190108,2.18386082455,0.000315941578145
1970/01/01/07:23:19.958000,-3.85411969076,2.18492380033,0.000316089102412
1970/01/01/07:23:20.008000,-3.83877164955,2.186667883,0.00031623031276
1970/01/01/07:23:20.057000,-3.82385137747,2.18906487743,0.000316365044409
1970/01/01/07:23:20.109000,-3.80935401626,2.19208822728,0.000316493339862
1970/01/01/07:23:20.158000,-3.79526632025,2.19573353405,0.000316615360535
1970/01/01/07:23:20.208000,-3.78157533811,2.19998019354,0.000316731333129
1970/01/01/07:23:20.258000,-3.76827046738,2.20481230801,0.000316841517242
1970/01/01/07:23:20.308000,-3.75534110629,2.21021397482,0.000316946185932
1970/01/01/07:23:20.358000,-3.74277665705,2.2161688453,0.000317045614192
1970/01/01/07:23:20.408000,-3.73056651598,2.2226593652,0.000317140072251
1970/01/01/07:23:20.458000,-3.71870063116,2.22967173776,0.000317229821793
1970/01/01/07:23:20.508000,-3.70715734718,2.23717356145,0.000317315113964
1970/01/01/07:23:20.558000,-3.69594972549,2.24519208087,0.000317396188445
1970/01/01/07:23:20.608000,-3.68505730347,2.25368204996,0.000317473273166
1970/01/01/07:23:20.658000,-3.67447138688,2.26264172061,0.000317546584384
1970/01/01/07:23:20.708000,-3.66418296678,2.27204734412,0.000317616326995
1970/01/01/07:23:20.758000,-3.65418419641,2.28189516931,0.000317682694948
1970/01/01/07:23:20.808000,-3.64446451978,2.29216434526,0.000317745871738
1970/01/01/07:23:20.858000,-3.63501768966,2.30285082265,0.000317806030944
1970/01/01/07:23:20.908000,-3.62584075224,2.31394264987,0.000317863336683
1970/01/01/07:23:20.958000,-3.61691575423,2.32541753162,0.000317917944082
1970/01/01/07:23:21.008000,-3.6082408441,2.33726266363,0.000317969999735
1970/01/01/07:23:21.058000,-3.599804971,2.34946910046,0.000318019642107
1970/01/01/07:23:21.108000,-3.59160938682,2.36204048938,0.000318067002262
1970/01/01/07:23:21.160000,-3.58364278423,2.37495783178,0.000318112204485
1970/01/01/07:23:21.208000,-3.57589856426,2.38821833099,0.000318155366477
1970/01/01/07:23:21.257000,-3.56837012721,2.40180703679,0.000318196599504
1970/01/01/07:23:21.308000,-3.56105227937,2.41605769805,0.000318236006908
1970/01/01/07:23:21.358000,-3.55394198142,2.43053581421,0.000318273684007
1970/01/01/07:23:21.408000,-3.54702502637,2.44504629033,0.000318309725013
1970/01/01/07:23:21.458000,-3.54030004638,2.45985002499,0.000318344221606
1970/01/01/07:23:21.507000,-3.53376334011,2.47494331645,0.000318377263552
1970/01/01/07:23:21.558000,-3.52740895197,2.49029876895,0.000318408937328
1970/01/01/07:23:21.608000,-3.52123076672,2.50633638272,0.000318439316204
1970/01/01/07:23:21.658000,-3.51522327851,2.52240980552,0.000318468457222
1970/01/01/07:23:21.708000,-3.50938299089,2.53853598929,0.00031849626667
1970/01/01/07:23:21.758000,-3.50370546645,2.55490063655,0.000318523047704
1970/01/01/07:23:21.808000,-3.4981854079,2.57150684745,0.000318548856022
1970/01/01/07:23:21.908000,-3.49281750975,2.58833791929,0.000318573702305
1970/01/01/07:23:21.958000,-3.48759846888,2.60539135674,0.000318597636111
1970/01/01/07:23:22.008000,-3.48241094515,2.62300459523,0.000318620658645
1970/01/01/07:23:22.058000,-3.47733900927,2.64091920646,0.000318642845454
1970/01/01/07:23:22.108000,-3.47240798138,2.65904788349,0.000318664256827
1970/01/01/07:23:22.158000,-3.46761300832,2.677383124,0.000318684916081
1970/01/01/07:23:22.208000,-3.46295589306,2.69591618247,0.000318704838338
1970/01/01/07:23:22.258000,-3.45843168338,2.71464630888,0.000318724093913
1970/01/01/07:23:22.308000,-3.45403286854,2.73354200299,0.000318742679193
1970/01/01/07:23:22.357000,-3.44975910123,2.7526208585,0.00031876064244
1970/01/01/07:23:22.408000,-3.4456052785,2.77185733636,0.000318778019768
1970/01/01/07:23:22.458000,-3.44157330428,2.79126032869,0.000318794979692
1970/01/01/07:23:22.508000,-3.43765787617,2.81082534148,0.000318811324861
1970/01/01/07:23:22.558000,-3.43384959339,2.83055232876,0.000318827184014
1970/01/01/07:23:22.608000,-3.43015024809,2.85041508702,0.000318842403951
1970/01/01/07:23:22.658000,-3.42655474315,2.87042321376,0.000318857136182
1970/01/01/07:23:22.708000,-3.42305872929,2.89057096253,0.00031887130231
1970/01/01/07:23:22.758000,-3.41966520592,2.9108564842,0.000318884956134
1970/01/01/07:23:22.808000,-3.41636351813,2.93127398431,0.000318898181585
1970/01/01/07:23:22.858000,-3.41315687146,2.95182515789,0.000318911060222
1970/01/01/07:23:22.908000,-3.4100408135,2.9725091542,0.000318923545373
1970/01/01/07:23:22.958000,-3.40701103824,2.99330202455,0.000318935717876
1970/01/01/07:23:23.008000,-3.40406819765,3.01421622375,0.000318947596844
1970/01/01/07:23:23.059000,-3.40120859166,3.03524919751,0.000318959103756
1970/01/01/07:23:23.108000,-3.39842941634,3.05639794892,0.000318970378179
1970/01/01/07:23:23.158000,-3.39572907149,3.07764753039,0.000318981356507
1970/01/01/07:23:23.208000,-3.39310270874,3.0990009391,0.000318992083301
1970/01/01/07:23:23.260000,-3.3905524247,3.12045872442,0.000319002604501
1970/01/01/07:23:23.308000,-3.38828655385,3.14180272372,0.000319012688861
1970/01/01/07:23:23.358000,-3.38673980727,3.16259349617,0.000319022757629
1970/01/01/07:23:23.408000,-3.38592827437,3.18281593484,0.000319032515117
1970/01/01/07:23:23.458000,-3.38582356248,3.20249190029,0.000319042507956
1970/01/01/07:23:23.508000,-3.38641585932,3.22161908535,0.000319050417842
1970/01/01/07:23:23.558000,-3.38767034736,3.24022193055,0.000319055445681
1970/01/01/07:23:23.608000,-3.38960025687,3.25829496383,0.000319056751254
1970/01/01/07:23:23.658000,-3.39218012449,3.27586272609,0.000319053615801
1970/01/01/07:23:23.708000,-3.39539213386,3.29293985665,0.000319045354126
1970/01/01/07:23:23.758000,-3.39920577249,3.3095395979,0.000319031363907
1970/01/01/07:23:23.808000,-3.40360402913,3.32567519185,0.000319011048984
1970/01/01/07:23:23.858000,-3.40858299007,3.34136127146,0.000318983780764
1970/01/01/07:23:23.909000,-3.41412549203,3.35661082683,0.000318948960573
1970/01/01/07:23:23.958000,-3.42020237355,3.37143445369,0.000318906050939
1970/01/01/07:23:24.008000,-3.42682596751,3.38583643506,0.000318854420533
1970/01/01/07:23:24.058000,-3.43394472207,3.39984571958,0.000318792222845
1970/01/01/07:23:24.108000,-3.44156016173,3.41345862455,0.000318709341755
1970/01/01/07:23:24.158000,-3.44964865206,3.42670051188,0.000318593328121
1970/01/01/07:23:24.208000,-3.45820630075,3.43957449797,0.000318422860659
1970/01/01/07:23:24.258000,-3.46727279583,3.4520824191,0.000318191047157
1970/01/01/07:23:24.308000,-3.47674542286,3.46424954489,0.000317890523493
1970/01/01/07:23:24.408000,-3.48663848021,3.47607185964,0.000317487027858
1970/01/01/07:23:24.458000,-3.49693095951,3.48757819969,0.000316936356158
1970/01/01/07:23:24.508000,-3.5076373951,3.49875990179,0.000316170961176
1970/01/01/07:23:24.558000,-3.51874759711,3.50962928186,0.00031510494007
1970/01/01/07:23:24.608000,-3.53044786483,3.52043660626,0.000313588894011
1970/01/01/07:23:24.658000,-3.54257091499,3.53099312505,0.000311393217664
1970/01/01/07:23:24.708000,-3.55506225786,3.54125210737,0.000308159426485
1970/01/01/07:23:24.758000,-3.56791571976,3.55121581675,0.000303278612556
1970/01/01/07:23:24.808000,-3.58108469038,3.56090305774,0.000295691402416
1970/01/01/07:23:24.858000,-3.59458181429,3.57028420871,0.000283444388909
1970/01/01/07:23:24.908000,-3.60837160986,3.57936417994,0.000262674404966
1970/01/01/07:23:24.958000,-3.62243053263,3.58812594564,0.000225080023767
1970/01/01/07:23:25.008000,-3.6366645032,3.59651636485,0.000151950320343
1970/01/01/07:23:25.058000,-3.65105139585,3.60444863485,7.24150648221e-05
1970/01/01/07:23:25.108000,-3.66569523631,3.61196066911,2.79402153112e-05
1970/01/01/07:23:25.158000,-3.68055109955,3.61914772572,-8.75406328511e-06
1970/01/01/07:23:25.207000,-3.69565181919,3.62609965534,-4.69599941067e-05
1970/01/01/07:23:25.258000,-3.71100576256,3.63286691139,-9.1260423997e-05
1970/01/01/07:23:25.308000,-3.72660812841,3.63949551082,-0.000146764846483
1970/01/01/07:23:25.358000,-3.7425003255,3.64602670039,-0.000239245744508
1970/01/01/07:23:25.408000,-3.7586981341,3.6524776559,-0.000351689596658
1970/01/01/07:23:25.458000,-3.77522630231,3.65883557996,-0.000435764162539
1970/01/01/07:23:25.508000,-3.79205389768,3.665078232,-0.000491879120963
1970/01/01/07:23:25.558000,-3.80916038333,3.67118933512,-0.000524960736823
1970/01/01/07:23:25.608000,-3.82651501313,3.67715683126,-0.000540564154133
1970/01/01/07:23:25.658000,-3.84410894853,3.68298568474,-0.00054354943892
1970/01/01/07:23:25.708000,-3.86193704236,3.6886709569,-0.00053769673723
1970/01/01/07:23:25.757000,-3.87997646535,3.69421476068,-0.000525764156349
1970/01/01/07:23:25.808000,-3.8982282047,3.69961828492,-0.000509710047732
1970/01/01/07:23:25.858000,-3.91668297678,3.70488373125,-0.000490928014202
1970/01/01/07:23:25.911000,-3.93533243033,3.71001245817,-0.000470432812365
1970/01/01/07:23:25.958000,-3.9541685259,3.71500679425,-0.000448987011271
1970/01/01/07:23:26.008000,-3.97318490552,3.71986767392,-0.000427179619316
1970/01/01/07:23:26.058000,-3.99237441198,3.72459749549,-0.000405471950926
1970/01/01/07:23:26.108000,-4.01173882732,3.72920216096,-0.000384223181722
1970/01/01/07:23:26.158000,-4.03127380533,3.73367659298,-0.000363704128648
1970/01/01/07:23:26.208000,-4.0509530206,3.73802988201,-0.000344105007457
1970/01/01/07:23:26.258000,-4.07078365922,3.74226890481,-0.00032554139578
1970/01/01/07:23:26.308000,-4.09077061472,3.74639474003,-0.000308061575092
1970/01/01/07:23:26.358000,-4.11090241729,3.75041219217,-0.00029165705442
1970/01/01/07:23:26.408000,-4.13117159303,3.75432445912,-0.00027627627755
1970/01/01/07:23:26.458000,-4.1515805269,3.75813494574,-0.000261839893046
1970/01/01/07:23:26.508000,-4.17212812712,3.76184574115,-0.000248255249558
1970/01/01/07:23:26.558000,-4.19280536561,3.76546357876,-0.000235428150309
1970/01/01/07:23:26.608000,-4.21361090278,3.76898903494,-0.000223270917489
1970/01/01/07:23:26.658000,-4.23453963636,3.77242642043,-0.000211706848507
1970/01/01/07:23:26.708000,-4.25559995154,3.77577272657,-0.000200671797318
1970/01/01/07:23:26.758000,-4.27677273583,3.77903300119,-0.00019011382643
1970/01/01/07:23:26.808000,-4.29805552179,3.78221043092,-0.000179991786283
1970/01/01/07:23:26.858000,-4.31944747836,3.78530549446,-0.000170273458982
1970/01/01/07:23:26.908000,-4.3409448838,3.78832167861,-0.000160933672044
1970/01/01/07:23:27.008000,-4.36254478742,3.79126008296,-0.000151952601351
1970/01/01/07:23:27.058000,-4.38425414116,3.7941239745,-0.000143314354329
1970/01/01/07:23:27.108000,-4.40605526429,3.79691262693,-0.00013500584705
1970/01/01/07:23:27.158000,-4.42840117934,3.79969094086,-0.000127015948569
1970/01/01/07:23:27.207000,-4.45093724037,3.80240912116,-0.00011933484932
1970/01/01/07:23:27.258000,-4.47356161424,3.80505782331,-0.000111953607554
1970/01/01/07:23:27.307000,-4.49628452976,3.80763762931,-0.000104863831963
1970/01/01/07:23:27.358000,-4.51908451356,3.8101483291,-9.80574655095e-05
1970/01/01/07:23:27.408000,-4.54194191051,3.81259207171,-9.15266427638e-05
1970/01/01/07:23:27.458000,-4.56486198709,3.81496892685,-8.5263599675e-05
1970/01/01/07:23:27.508000,-4.58784169861,3.8172873632,-7.9260620117e-05
1970/01/01/07:23:27.558000,-4.6108852729,3.81954001322,-7.35100078539e-05
1970/01/01/07:23:27.608000,-4.63399000119,3.82172927408,-6.80040757708e-05
1970/01/01/07:23:27.658000,-4.65714962568,3.82385888638,-6.27351465965e-05
1970/01/01/07:23:27.708000,-4.68036714555,3.82593026142,-5.76955610371e-05
1970/01/01/07:23:27.758000,-4.70363467396,3.82794901645,-5.28776904685e-05
1970/01/01/07:23:27.808000,-4.72695492125,3.82991171847,-4.82739521859e-05
1970/01/01/07:23:27.858000,-4.75032535629,3.83182095118,-4.38768258145e-05
1970/01/01/07:23:27.907000,-4.7737433189,3.83367919567,-3.96788699191e-05
1970/01/01/07:23:27.958000,-4.79721024173,3.83548834775,-3.56727381511e-05
1970/01/01/07:23:28.010000,-4.82073206173,3.83724769987,-3.18511944869e-05
1970/01/01/07:23:28.058000,-4.84429828405,3.83895745718,-2.82071272723e-05
1970/01/01/07:23:28.108000,-4.86803395571,3.84062092988,-2.47335618974e-05
1970/01/01/07:23:28.157000,-4.89214848856,3.84223888393,-2.14236720133e-05
1970/01/01/07:23:28.208000,-4.91582714948,3.84381426949,-1.82707892571e-05
1970/01/01/07:23:28.258000,-4.93971795954,3.84534561983,-1.52684114988e-05
1970/01/01/07:23:28.308000,-4.96391592992,3.84683666239,-1.24102096552e-05
1970/01/01/07:23:28.358000,-4.98769179099,3.84828731702,-9.69003313576e-06
1970/01/01/07:23:28.407000,-5.01149986674,3.84969987498,-7.10191400479e-06
1970/01/01/07:23:28.458000,-5.03533609964,3.85107302402,-4.64006994478e-06
1970/01/01/07:23:28.508000,-5.0591980267,3.85240820292,-2.29890612392e-06
1970/01/01/07:23:28.558000,-5.08309218829,3.85370635853,-7.30160589105e-08
1970/01/01/07:23:28.608000,-5.10701852977,3.85496903614,2.04281842281e-06
1970/01/01/07:23:28.658000,-5.13097589559,3.8561972844,4.05362803246e-06
1970/01/01/07:23:28.708000,-5.15496928392,3.85739190707,5.96425758354e-06
1970/01/01/07:23:28.758000,-5.17899230017,3.85855415973,7.77936818901e-06
1970/01/01/07:23:28.808000,-5.20303669597,3.85968459839,9.50344000031e-06
1970/01/01/07:23:28.858000,-5.2271078231,3.86078453469,1.11407754233e-05
1970/01/01/07:23:28.907000,-5.25120565404,3.86185393064,1.269550273e-05
1970/01/01/07:23:28.958000,-5.27532965014,3.86289469892,1.41715800074e-05
1970/01/01/07:23:29.008000,-5.29947932462,3.86390690425,1.55727993807e-05
1970/01/01/07:23:29.058000,-5.32365298313,3.86489106459,1.69027914566e-05
1970/01/01/07:23:29.108000,-5.34785835098,3.8658487015,1.81650299414e-05
1970/01/01/07:23:29.158000,-5.37208305125,3.86678083791,1.93628363852e-05
1970/01/01/07:23:29.208000,-5.39633254858,3.86768744262,2.04993850159e-05
1970/01/01/07:23:29.258000,-5.42059932444,3.8685701942,2.15777076291e-05
1970/01/01/07:23:29.307000,-5.44488309485,3.86942821517,2.26006984987e-05
1970/01/01/07:23:29.358000,-5.4691880877,3.87026243177,2.35711192884e-05
1970/01/01/07:23:29.408000,-5.49351243127,3.87107362781,2.44916039345e-05
1970/01/01/07:23:29.458000,-5.51785535282,3.87186367808,2.53646634811e-05
1970/01/01/07:23:29.558000,-5.5422171817,3.87263086277,2.6192690854e-05
1970/01/01/07:23:29.608000,-5.56659718896,3.87337741695,2.69779655532e-05
1970/01/01/07:23:29.663000,-5.61654095707,3.87484577646,2.84288353157e-05
1970/01/01/07:23:29.762000,-5.64159358073,3.87555331234,2.90984631571e-05
1970/01/01/07:23:29.808000,-5.66611246364,3.87569071789,2.97334125443e-05
1970/01/01/07:23:29.857000,-5.68944836375,3.87457272808,3.09316382384e-05
1970/01/01/07:23:29.908000,-5.71260984605,3.87326909742,3.21654034256e-05
1970/01/01/07:23:29.958000,-5.7351816805,3.87140591907,3.33353190974e-05
1970/01/01/07:23:30.008000,-5.75711550868,3.86889251843,3.44414062494e-05
1970/01/01/07:23:30.058000,-5.77844191278,3.8657557073,3.5485253907e-05
1970/01/01/07:23:30.108000,-5.79916518399,3.8620022979,3.64692762209e-05
1970/01/01/07:23:30.158000,-5.81927881878,3.85761305751,3.73962812946e-05
1970/01/01/07:23:30.208000,-5.83883474741,3.85266274764,3.82692232525e-05
1970/01/01/07:23:30.258000,-5.85784816789,3.84715453239,3.90910618363e-05
1970/01/01/07:23:30.308000,-5.8763119137,3.84108556437,3.98646849535e-05
1970/01/01/07:23:30.358000,-5.89425467771,3.83448210795,4.05928679392e-05
1970/01/01/07:23:30.408000,-5.9116825587,3.82734797197,4.12782541032e-05
1970/01/01/07:23:30.458000,-5.9286277946,3.8197185658,4.19233475001e-05
1970/01/01/07:23:30.508000,-5.94509413161,3.81159964403,4.25305126062e-05
1970/01/01/07:23:30.558000,-5.96109525873,3.80300491158,4.31019777967e-05
1970/01/01/07:23:30.608000,-5.97665502629,3.79395797988,4.36398408092e-05
1970/01/01/07:23:30.658000,-5.99176097182,3.78444115731,4.41460751457e-05
1970/01/01/07:23:30.708000,-6.00645724122,3.77449749679,4.46225368149e-05
1970/01/01/07:23:30.758000,-6.02073217696,3.76413175686,4.50709710743e-05
1970/01/01/07:23:30.808000,-6.03460508311,3.75335413965,4.5493018986e-05
1970/01/01/07:23:30.858000,-6.04808845068,3.74217830102,4.58902236942e-05
1970/01/01/07:23:30.908000,-6.06119367453,3.73061379653,4.62640363768e-05
1970/01/01/07:23:30.958000,-6.07393229938,3.71867217704,4.66158218673e-05
1970/01/01/07:23:31.008000,-6.08631317505,3.70636320043,4.6946863939e-05
1970/01/01/07:23:31.058000,-6.09834034152,3.69369246938,4.72583702533e-05
1970/01/01/07:23:31.108000,-6.11003749818,3.68068298634,4.75514770049e-05
1970/01/01/07:23:31.158000,-6.12140764698,3.66733705959,4.7827253251e-05
1970/01/01/07:23:31.208000,-6.13245983701,3.65366528778,4.80867050018e-05
1970/01/01/07:23:31.258000,-6.14320350876,3.63967712185,4.83307790755e-05
1970/01/01/07:23:31.308000,-6.15364661368,3.62538171758,4.85603666488e-05
1970/01/01/07:23:31.358000,-6.16379709836,3.61078717765,4.87763066375e-05
1970/01/01/07:23:31.408000,-6.17366421034,3.59590140566,4.89793887653e-05
1970/01/01/07:23:31.458000,-6.18325719736,3.58073365365,4.91703564752e-05
1970/01/01/07:23:31.508000,-6.19258261121,3.56529187069,4.93499098647e-05
1970/01/01/07:23:31.558000,-6.20164720122,3.54958401016,4.95187082006e-05
1970/01/01/07:23:31.608000,-6.21045890847,3.53361802702,4.96773722902e-05
1970/01/01/07:23:31.656000,-6.21902568653,3.51739257134,4.98264863402e-05
1970/01/01/07:23:31.708000,-6.22735548005,3.5009252948,4.99666002918e-05
1970/01/01/07:23:31.758000,-6.23545294247,3.48422589616,5.009823377e-05
1970/01/01/07:23:31.808000,-6.2433300714,3.46730027763,5.02218774882e-05
1970/01/01/07:23:31.858000,-6.25098371383,3.4501466928,5.03379933659e-05
1970/01/01/07:23:31.908000,-6.25842436886,3.43277569217,5.0447016325e-05
1970/01/01/07:23:31.958000,-6.26565998359,3.41519257829,5.05493470464e-05
1970/01/01/07:23:32.057000,-6.27269085902,3.39740065192,5.06453535934e-05
1970/01/01/07:23:32.108000,-6.27953124411,3.37941176003,5.07353935488e-05
1970/01/01/07:23:32.158000,-6.2861812396,3.36121865699,5.08198264256e-05
1970/01/01/07:23:32.208000,-6.29279107588,3.34247983606,5.08989623148e-05
1970/01/01/07:23:32.258000,-6.29925391549,3.32346730664,5.09732686751e-05
1970/01/01/07:23:32.308000,-6.30553565805,3.30426836707,5.10429089493e-05
1970/01/01/07:23:32.358000,-6.31164285539,3.2848919164,5.11080672731e-05
1970/01/01/07:23:32.408000,-6.31758146094,3.26535331119,5.11689876326e-05
1970/01/01/07:23:32.458000,-6.32335076671,3.24565780037,5.12259189341e-05
1970/01/01/07:23:32.507000,-6.32895813083,3.22581098059,5.12791030468e-05
1970/01/01/07:23:32.558000,-6.33440669502,3.20580615816,5.13287564857e-05
1970/01/01/07:23:32.608000,-6.33969912435,3.18566968127,5.13750788649e-05
1970/01/01/07:23:32.658000,-6.34484055168,3.16539570203,5.14182458416e-05
1970/01/01/07:23:32.709000,-6.34983638288,3.1449890649,5.14584541847e-05
1970/01/01/07:23:32.754000,-6.35468911244,3.12444997382,5.14958741729e-05
1970/01/01/07:23:32.808000,-6.35940179382,3.10378143239,5.15306510058e-05
1970/01/01/07:23:32.858000,-6.36398463283,3.08299223591,5.15629568825e-05
1970/01/01/07:23:32.908000,-6.36843772067,3.06207318819,5.15929180106e-05
1970/01/01/07:23:32.958000,-6.37276401235,3.04104923742,5.1620689127e-05
1970/01/01/07:23:33.008000,-6.37696846195,3.01991383474,5.16463612086e-05
1970/01/01/07:23:33.058000,-6.38105631114,2.99866993279,5.16700878113e-05
1970/01/01/07:23:33.108000,-6.38502535623,2.97730783036,5.16919740308e-05
1970/01/01/07:23:33.158000,-6.3888832076,2.95585652683,5.17121312409e-05
1970/01/01/07:23:33.208000,-6.39263445874,2.93430626949,5.17306542808e-05
1970/01/01/07:23:33.258000,-6.39627825347,2.912656515,5.17475539542e-05
1970/01/01/07:23:33.308000,-6.39982065049,2.89090990917,5.17629444435e-05
1970/01/01/07:23:33.358000,-6.40326305329,2.86906160288,5.17769976846e-05
1970/01/01/07:23:33.408000,-6.4066111036,2.84713009675,5.17897606217e-05
1970/01/01/07:23:33.458000,-6.40986270823,2.82511934103,5.18013277335e-05
1970/01/01/07:23:33.509000,-6.41303206341,2.80303338412,5.18118102951e-05
1970/01/01/07:23:33.558000,-6.41610346662,2.78085802461,5.18212490722e-05
1970/01/01/07:23:33.608000,-6.41908906444,2.75860466734,5.18296670422e-05
1970/01/01/07:23:33.658000,-6.42199085966,2.73627431134,5.18371605964e-05
1970/01/01/07:23:33.708000,-6.4248120565,2.71386855485,5.18437886743e-05
1970/01/01/07:23:33.758000,-6.42755375664,2.69138959847,5.18496280449e-05
1970/01/01/07:23:33.808000,-6.43022150811,2.66884314293,5.18546617912e-05
1970/01/01/07:23:33.858000,-6.43281215695,2.64622498705,5.18589577451e-05
1970/01/01/07:23:33.908000,-6.43533140577,2.62354173089,5.18626284949e-05
1970/01/01/07:23:33.957000,-6.43777905166,2.60079352534,5.18656381384e-05
1970/01/01/07:23:34.008000,-6.4401577983,2.57798172203,5.18681155084e-05
1970/01/01/07:23:34.058000,-6.44247289688,2.55511126934,5.18699988139e-05
1970/01/01/07:23:34.108000,-6.44472299328,2.53218101672,5.18713894987e-05
1970/01/01/07:23:34.158000,-6.44690833981,2.50919131541,5.18724900116e-05
1970/01/01/07:23:34.208000,-6.44903283269,2.48614596606,5.18734318282e-05
1970/01/01/07:23:34.258000,-6.45109912724,2.46303801687,5.18740132243e-05
1970/01/01/07:23:34.308000,-6.45310822218,2.43988061758,5.18741992326e-05
1970/01/01/07:23:34.358000,-6.45506181617,2.41667742303,5.18738577299e-05
1970/01/01/07:23:34.408000,-6.45696080984,2.39342482945,5.18732038543e-05
1970/01/01/07:23:34.460000,-6.45880699608,2.37012283813,5.18723600538e-05
1970/01/01/07:23:34.508000,-6.46060118144,2.34677329967,5.18711942959e-05
1970/01/01/07:23:34.608000,-6.46186079035,2.32385388569,5.18697518776e-05
1970/01/01/07:23:34.659000,-6.46241633315,2.30155195575,5.18677106827e-05
1970/01/01/07:23:34.708000,-6.46230466187,2.27983255937,5.18654398345e-05
1970/01/01/07:23:34.758000,-6.46148284696,2.25872246603,5.18626216564e-05
1970/01/01/07:23:34.808000,-6.46001258599,2.23772693906,5.18588375043e-05
1970/01/01/07:23:34.858000,-6.45789666815,2.21719979399,5.18536654005e-05
1970/01/01/07:23:34.908000,-6.45511831601,2.19725269946,5.18466493536e-05
1970/01/01/07:23:34.958000,-6.45169633539,2.17786732138,5.18373476484e-05
1970/01/01/07:23:35.007000,-6.4476617637,2.15902832084,5.1825336445e-05
1970/01/01/07:23:35.058000,-6.44303044957,2.14071321289,5.18101966914e-05
1970/01/01/07:23:35.108000,-6.43783171693,2.12291686443,5.17915145152e-05
1970/01/01/07:23:35.158000,-6.43207142358,2.10562583494,5.17688800186e-05
1970/01/01/07:23:35.208000,-6.42576474242,2.0888268944,5.1741886323e-05
1970/01/01/07:23:35.259000,-6.41892025074,2.07251314792,5.17101316141e-05
1970/01/01/07:23:35.308000,-6.41157109227,2.05665326399,5.16732131239e-05
1970/01/01/07:23:35.358000,-6.40370898502,2.04124290746,5.16304909156e-05
1970/01/01/07:23:35.408000,-6.39536506953,2.02627702303,5.15819640354e-05
1970/01/01/07:23:35.458000,-6.3865430576,2.01174191997,5.15286186086e-05
1970/01/01/07:23:35.509000,-6.37727202091,1.99760926217,5.14725210437e-05
1970/01/01/07:23:35.558000,-6.36755845156,1.98387810553,5.14009285555e-05
1970/01/01/07:23:35.608000,-6.35741383979,1.97053387958,5.13174131238e-05
1970/01/01/07:23:35.657000,-6.34685295058,1.95756794189,5.12216140355e-05
1970/01/01/07:23:35.709000,-6.33587739895,1.94497470472,5.11046478326e-05
1970/01/01/07:23:35.758000,-6.32452356089,1.93272417498,5.09542272118e-05
1970/01/01/07:23:35.808000,-6.31278892658,1.92082170862,5.07501879335e-05
1970/01/01/07:23:35.859000,-6.30067665636,1.90926259247,5.04747171961e-05
1970/01/01/07:23:35.908000,-6.28820814463,1.89803404634,5.008373648e-05
1970/01/01/07:23:35.958000,-6.27539580391,1.88712999364,4.9505734347e-05
1970/01/01/07:23:36.008000,-6.26225272098,1.87654424314,4.86058292717e-05
1970/01/01/07:23:36.058000,-6.2487972391,1.86627572623,4.71035676142e-05
1970/01/01/07:23:36.108000,-6.23506004614,1.85632685475,4.4332831544e-05
1970/01/01/07:23:36.158000,-6.22106379758,1.84673033069,3.84607196909e-05
1970/01/01/07:23:36.208000,-6.20689500143,1.83753446142,2.6533317953e-05
1970/01/01/07:23:36.258000,-6.19259755513,1.82883520771,9.77414385685e-06
1970/01/01/07:23:36.308000,-6.17806835253,1.82057258199,-2.2758871425e-05
1970/01/01/07:23:36.358000,-6.16328425759,1.81264530224,-8.12442528747e-05
1970/01/01/07:23:36.408000,-6.14825882733,1.80497208124,-0.000178445732079
1970/01/01/07:23:36.458000,-6.13300618439,1.79749061575,-0.000328841889747
1970/01/01/07:23:36.508000,-6.11752752125,1.79016619185,-0.000541586343424
1970/01/01/07:23:36.558000,-6.10174640699,1.7829642703,-0.000840210645015
1970/01/01/07:23:36.608000,-6.08562854679,1.77585657989,-0.00118759489216
1970/01/01/07:23:36.658000,-6.06920030052,1.76884497855,-0.0015457869264
1970/01/01/07:23:36.708000,-6.05246585317,1.76194835591,-0.00189325492347
1970/01/01/07:23:36.758000,-6.03544635189,1.75517795144,-0.00221363517381
1970/01/01/07:23:36.808000,-6.01815899089,1.74854297467,-0.00249697133166
1970/01/01/07:23:36.857000,-6.00062751413,1.74204187426,-0.00273934668064
1970/01/01/07:23:36.908000,-5.98285132259,1.7356906476,-0.00294110406115
1970/01/01/07:23:36.958000,-5.96484941546,1.72948702735,-0.00310486473383
1970/01/01/07:23:37.008000,-5.94663419091,1.72343272602,-0.00323407003607
1970/01/01/07:23:37.059000,-5.92821419572,1.71752679081,-0.00333213094053
1970/01/01/07:23:37.158000,-5.90912564289,1.71176783268,-0.00340201799848
1970/01/01/07:23:37.208000,-5.89017565697,1.7061589622,-0.00344611616799
1970/01/01/07:23:37.258000,-5.87119594744,1.70069762012,-0.00346622717334
1970/01/01/07:23:37.308000,-5.85165023778,1.69526216859,-0.00346365492977
1970/01/01/07:23:37.358000,-5.83186469339,1.6899431206,-0.00343934373963
1970/01/01/07:23:37.408000,-5.81191928332,1.68476899876,-0.00339405686843
1970/01/01/07:23:37.458000,-5.7918134068,1.67974150984,-0.00332858813801
1970/01/01/07:23:37.508000,-5.77156548957,1.67485381167,-0.00324399309316
1970/01/01/07:23:37.558000,-5.75118149138,1.67010910606,-0.00314181105295
1970/01/01/07:23:37.608000,-5.73065512865,1.66550057615,-0.00302423056714
1970/01/01/07:23:37.658000,-5.71001141234,1.66102724227,-0.00289414032674
1970/01/01/07:23:37.708000,-5.68924172004,1.65668091896,-0.00275502060969
1970/01/01/07:23:37.758000,-5.66834911799,1.65246000153,-0.00261067399681
1970/01/01/07:23:37.808000,-5.64733286425,1.64836030861,-0.00246485431051
1970/01/01/07:23:37.859000,-5.62619712109,1.64437757216,-0.00232089609381
1970/01/01/07:23:37.908000,-5.60494780312,1.64050127488,-0.0021814446632
1970/01/01/07:23:37.958000,-5.58358483428,1.63673012191,-0.0020483403248
1970/01/01/07:23:38.008000,-5.56211057802,1.63306097369,-0.00192265015018
1970/01/01/07:23:38.058000,-5.54052794727,1.62949094604,-0.00180479932849
1970/01/01/07:23:38.109000,-5.51884172217,1.62601736117,-0.00169474373355
1970/01/01/07:23:38.158000,-5.49705123645,1.62263906271,-0.00159213780164
1970/01/01/07:23:38.209000,-5.4751635156,1.61935004404,-0.00149647219033
1970/01/01/07:23:38.259000,-5.45318323893,1.61614823464,-0.00140717325213
1970/01/01/07:23:38.308000,-5.43110955304,1.61303472229,-0.00132366719793
1970/01/01/07:23:38.357000,-5.40894732066,1.61000310297,-0.00124541653137
1970/01/01/07:23:38.408000,-5.38670139406,1.60705030915,-0.0011719370698
1970/01/01/07:23:38.458000,-5.3643732053,1.60417885846,-0.00110280265941
1970/01/01/07:23:38.508000,-5.34196289583,1.60138734776,-0.00103764288064
1970/01/01/07:23:38.558000,-5.31947544676,1.59867021763,-0.000976137321504
1970/01/01/07:23:38.608000,-5.2969147083,1.59602299035,-0.000918008635593
1970/01/01/07:23:38.658000,-5.27427947095,1.59344927046,-0.000863015636319
1970/01/01/07:23:38.708000,-5.25157395297,1.59094510532,-0.000810947048925
1970/01/01/07:23:38.759000,-5.22880100956,1.58850898157,-0.000761616159781
1970/01/01/07:23:38.808000,-5.20595863108,1.58613867245,-0.000714856389903
1970/01/01/07:23:38.858000,-5.18304933993,1.58383299442,-0.000670517714023
1970/01/01/07:23:38.908000,-5.16008486101,1.58159061375,-0.000628463804427
1970/01/01/07:23:38.957000,-5.13706044794,1.57940892757,-0.000588569771534
1970/01/01/07:23:39.009000,-5.11397874625,1.57728678384,-0.000550720383105
1970/01/01/07:23:39.058000,-5.09084129657,1.57522162201,-0.00051480866072
1970/01/01/07:23:39.108000,-5.06764827807,1.5732122259,-0.000480734770348
1970/01/01/07:23:39.158000,-5.04440247282,1.57125727563,-0.00044840514062
1970/01/01/07:23:39.208000,-5.02110755029,1.569354597,-0.000417731756797
1970/01/01/07:23:39.258000,-4.99773881428,1.56750584987,-0.000388631590206
1970/01/01/07:23:39.308000,-4.97433056691,1.56570541397,-0.000361026132257
1970/01/01/07:23:39.358000,-4.95089036008,1.56395330599,-0.0003348410094
1970/01/01/07:23:39.408000,-4.92740594059,1.56224957928,-0.000310005661007
1970/01/01/07:23:39.458000,-4.90387755066,1.5605934881,-0.000286453066401
1970/01/01/07:23:39.508000,-4.88030607311,1.55898148704,-0.000264119510503
1970/01/01/07:23:39.558000,-4.85669418368,1.55741377758,-0.000242944380018
1970/01/01/07:23:39.608000,-4.83304195829,1.5558883539,-0.000222869983944
1970/01/01/07:23:39.658000,-4.80935207362,1.55440296216,-0.000203841393615
1970/01/01/07:23:39.758000,-4.78562389565,1.55295924499,-0.000185806298551
1970/01/01/07:23:39.808000,-4.76186083395,1.55155369231,-0.000168714875217
1970/01/01/07:23:39.858000,-4.73757640728,1.55015641381,-0.000152519666446
1970/01/01/07:23:39.908000,-4.71313657254,1.5487900119,-0.00013717546974
1970/01/01/07:23:39.958000,-4.68866367935,1.54745988965,-0.000122639233072
1970/01/01/07:23:40.008000,-4.66415648328,1.54616562801,-0.000108869957078
1970/01/01/07:23:40.058000,-4.63962848364,1.54490655789,-9.58286027867e-05
1970/01/01/07:23:40.108000,-4.61507422274,1.5436841064,-8.34780041871e-05
1970/01/01/07:23:40.158000,-4.59051433922,1.54249525101,-7.1782785095e-05
1970/01/01/07:23:40.208000,-4.56594153963,1.54133976556,-6.07092798784e-05
1970/01/01/07:23:40.258000,-4.54135750327,1.54021767631,-5.02254576916e-05
1970/01/01/07:23:40.308000,-4.51675991637,1.5391265019,-4.03008499392e-05
1970/01/01/07:23:40.358000,-4.49215126758,1.5380661631,-3.09064807351e-05
1970/01/01/07:23:40.408000,-4.46753084007,1.53703717965,-2.20148001735e-05
1970/01/01/07:23:40.458000,-4.44288546025,1.53603592239,-1.35996202556e-05
1970/01/01/07:23:40.508000,-4.4182412125,1.53506330664,-5.63605333896e-06
1970/01/01/07:23:40.558000,-4.39358632508,1.53411665139,1.89954699685e-06
1970/01/01/07:23:40.608000,-4.36892136747,1.53319802242,9.02964277082e-06
1970/01/01/07:23:40.658000,-4.34432217289,1.53239053072,1.57755661847e-05
1970/01/01/07:23:40.708000,-4.32037668046,1.53225574847,2.11454182011e-05
1970/01/01/07:23:40.758000,-4.2970709232,1.5327833725,2.16380357031e-05
1970/01/01/07:23:40.808000,-4.27438187559,1.53395842042,2.21123464073e-05
1970/01/01/07:23:40.858000,-4.25234054848,1.53581366919,2.25658474346e-05
1970/01/01/07:23:40.908000,-4.23091670182,1.53832124835,2.29975961099e-05
1970/01/01/07:23:40.957000,-4.21008311205,1.54145643824,2.34075555173e-05
1970/01/01/07:23:41.008000,-4.18984659299,1.54520866871,2.37962023944e-05
1970/01/01/07:23:41.058000,-4.17017916852,1.54956287423,2.41642929807e-05
1970/01/01/07:23:41.107000,-4.15106309208,1.55450173817,2.45127238619e-05
1970/01/01/07:23:41.158000,-4.13248332783,1.55999464716,2.48424499021e-05
1970/01/01/07:23:41.208000,-4.11442484835,1.56603528538,2.51544364468e-05
1970/01/01/07:23:41.258000,-4.09686145639,1.57260144004,2.54496320625e-05
1970/01/01/07:23:41.308000,-4.07979901371,1.57970269912,2.57289535523e-05
1970/01/01/07:23:41.358000,-4.06321473851,1.58730065052,2.59932782738e-05
1970/01/01/07:23:41.408000,-4.04708554177,1.5953694822,2.6243440771e-05
1970/01/01/07:23:41.458000,-4.03141532834,1.60392033397,2.64802319257e-05
1970/01/01/07:23:41.508000,-4.01618356005,1.61293674718,2.67043995477e-05
1970/01/01/07:23:41.560000,-4.00136894686,1.6223917623,2.69166497623e-05
1970/01/01/07:23:41.608000,-3.98697564386,1.63228281962,2.7117648809e-05
1970/01/01/07:23:41.658000,-3.97298366207,1.64260301069,2.73080250257e-05
1970/01/01/07:23:41.708000,-3.95938116145,1.65333832723,2.74883708864e-05
1970/01/01/07:23:41.758000,-3.94615754699,1.66446371312,2.76592450137e-05
1970/01/01/07:23:41.808000,-3.93330222369,1.67597031099,2.78211741289e-05
1970/01/01/07:23:41.856000,-3.92080459994,1.68785301437,2.7974654913e-05
1970/01/01/07:23:41.908000,-3.90865408241,1.70009961838,2.81201557736e-05
1970/01/01/07:23:41.955000,-3.89684172325,1.71270016656,2.82581185095e-05
1970/01/01/07:23:42.008000,-3.88535162888,1.72563845413,2.83889598811e-05
1970/01/01/07:23:42.058000,-3.87418570511,1.73891872516,2.85130730819e-05
1970/01/01/07:23:42.108000,-3.86333070526,1.75252467338,2.86308291284e-05
1970/01/01/07:23:42.158000,-3.85278148461,1.76646309488,2.87425781539e-05
1970/01/01/07:23:42.208000,-3.84251909616,1.78069628733,2.88486506203e-05
1970/01/01/07:23:42.309000,-3.83254199524,1.79522464294,2.89493584651e-05
1970/01/01/07:23:42.357000,-3.82284023949,1.81004146062,2.90449961673e-05
1970/01/01/07:23:42.408000,-3.81340732791,1.82514023724,2.91358418342e-05
1970/01/01/07:23:42.458000,-3.80402587252,1.84080557473,2.92221580143e-05
1970/01/01/07:23:42.508000,-3.79485937055,1.85682171431,2.93041926978e-05
1970/01/01/07:23:42.558000,-3.78595107437,1.87310940224,2.93821800946e-05
1970/01/01/07:23:42.607000,-3.77728333282,1.88965048567,2.94563413006e-05
1970/01/01/07:23:42.658000,-3.76885995335,1.90643520923,2.95268849046e-05
1970/01/01/07:23:42.708000,-3.76067843522,1.92345922373,2.95940086986e-05
1970/01/01/07:23:42.758000,-3.75272412923,1.94070557472,2.96578996241e-05
1970/01/01/07:23:42.808000,-3.74500064279,1.95817500969,2.97187350763e-05
1970/01/01/07:23:42.857000,-3.73748727365,1.97585203099,2.97766813541e-05
1970/01/01/07:23:42.908000,-3.73019937311,1.99374663288,2.98318886509e-05
1970/01/01/07:23:42.959000,-3.72311514222,2.01183986075,2.9884507287e-05
1970/01/01/07:23:43.008000,-3.71623079001,2.03012781859,2.99346828357e-05
1970/01/01/07:23:43.058000,-3.70954466142,2.04860899982,2.99825560544e-05
1970/01/01/07:23:43.108000,-3.70304415764,2.06727305663,3.00282645083e-05
1970/01/01/07:23:43.158000,-3.69672763407,2.08611593475,3.00719251752e-05
1970/01/01/07:23:43.208000,-3.69058308625,2.10512583273,3.01134702613e-05
1970/01/01/07:23:43.258000,-3.68461862054,2.12431245412,3.01531869935e-05
1970/01/01/07:23:43.308000,-3.67882223725,2.14367094176,3.0191270608e-05
1970/01/01/07:23:43.358000,-3.67318863733,2.16317914768,3.02277151833e-05
1970/01/01/07:23:43.408000,-3.66771307429,2.18284227277,3.02626325827e-05
1970/01/01/07:23:43.458000,-3.66238939261,2.20265221201,3.02960827218e-05
1970/01/01/07:23:43.508000,-3.65721809879,2.2226099184,3.03281488402e-05
1970/01/01/07:23:43.558000,-3.65219169513,2.24270993675,3.03588675374e-05
1970/01/01/07:23:43.608000,-3.64730677672,2.26294811647,3.03883162447e-05
1970/01/01/07:23:43.658000,-3.64255884712,2.28331890956,3.04165606327e-05
1970/01/01/07:23:43.708000,-3.63794440631,2.30382061056,3.04436565675e-05
1970/01/01/07:23:43.757000,-3.63346150749,2.32445122021,3.04696537103e-05
1970/01/01/07:23:43.808000,-3.62910164868,2.34520234254,3.04946931382e-05
1970/01/01/07:23:43.858000,-3.62486398012,2.36607207466,3.05188114596e-05
1970/01/01/07:23:43.908000,-3.6207453527,2.38705671187,3.05419486235e-05
1970/01/01/07:23:43.957000,-3.61674331816,2.40815530678,3.05641662192e-05
1970/01/01/07:23:44.010000,-3.61285327659,2.42936330997,3.05855484555e-05
1970/01/01/07:23:44.058000,-3.60907033079,2.45067467191,3.06061166177e-05
1970/01/01/07:23:44.108000,-3.60539408156,2.4720950399,3.06259941806e-05
1970/01/01/07:23:44.158000,-3.60181922489,2.49361551327,3.06451071753e-05
1970/01/01/07:23:44.208000,-3.5983412606,2.51522534188,3.06635819978e-05
1970/01/01/07:23:44.258000,-3.59496074061,2.53693002598,3.06814050227e-05
1970/01/01/07:23:44.309000,-3.59167681832,2.55872866743,3.0698543367e-05
1970/01/01/07:23:44.357000,-3.58848674315,2.58061851366,3.0714999212e-05
1970/01/01/07:23:44.408000,-3.58538281296,2.60259351118,3.07309410663e-05
1970/01/01/07:23:44.458000,-3.58236467793,2.6246527097,3.07463084731e-05
1970/01/01/07:23:44.508000,-3.57943069036,2.64680171316,3.07612631385e-05
1970/01/01/07:23:44.558000,-3.57657974846,2.66902686964,3.07756552875e-05
1970/01/01/07:23:44.609000,-3.57380610335,2.69132277879,3.07896642604e-05
1970/01/01/07:23:44.658000,-3.57111045648,2.71370309216,3.08032326038e-05
1970/01/01/07:23:44.708000,-3.56848910733,2.73616071073,3.08164295882e-05
1970/01/01/07:23:44.758000,-3.56594054097,2.75821423213,3.08292092602e-05
1970/01/01/07:23:44.858000,-3.56346145466,2.77969720308,3.08416979839e-05
1970/01/01/07:23:44.908000,-3.56105189584,2.80058457433,3.08538298817e-05
1970/01/01/07:23:44.958000,-3.55870991441,2.82089720012,3.08655196183e-05
1970/01/01/07:23:45.008000,-3.55638092606,2.84109983027,3.08770674896e-05
1970/01/01/07:23:45.057000,-3.55410352365,2.86084020968,3.08882903557e-05
1970/01/01/07:23:45.108000,-3.55188730052,2.88004523997,3.08994124437e-05
1970/01/01/07:23:45.158000,-3.54973345601,2.89872007296,3.09101997059e-05
1970/01/01/07:23:45.207000,-3.54764204218,2.91684915687,3.09208191096e-05
1970/01/01/07:23:45.258000,-3.54560926089,2.93447489056,3.09313667715e-05
1970/01/01/07:23:45.308000,-3.54363386498,2.95160042326,3.09418950044e-05
1970/01/01/07:23:45.358000,-3.54171564949,2.96823900923,3.09523629009e-05
1970/01/01/07:23:45.408000,-3.53985211719,2.98440639385,3.09620046352e-05
1970/01/01/07:23:45.459000,-3.53804062051,3.00011368005,3.09713990975e-05
1970/01/01/07:23:45.507000,-3.53628200403,3.01536801481,3.09808355973e-05
1970/01/01/07:23:45.558000,-3.53457262663,3.03019135245,3.09900627254e-05
1970/01/01/07:23:45.608000,-3.53291022935,3.04459448926,3.09992129818e-05
1970/01/01/07:23:45.658000,-3.53129671636,3.058590429,3.10080813724e-05
1970/01/01/07:23:45.708000,-3.52972739355,3.07219006807,3.10170678979e-05
1970/01/01/07:23:45.758000,-3.5282022557,3.08540630587,3.10260856123e-05
1970/01/01/07:23:45.808000,-3.52672170261,3.09824274453,3.10352877705e-05
1970/01/01/07:23:45.858000,-3.5252819375,3.11072398463,3.10447774926e-05
1970/01/01/07:23:45.908000,-3.52388401209,3.12284702172,3.10540773659e-05
1970/01/01/07:23:45.959000,-3.52252432678,3.13463565828,3.10634576934e-05
1970/01/01/07:23:46.008000,-3.521203029,3.14609329601,3.10726116016e-05
1970/01/01/07:23:46.058000,-3.51991811958,3.15722853609,3.10816925911e-05
1970/01/01/07:23:46.108000,-3.51866959887,3.16805127331,3.10908015892e-05
1970/01/01/07:23:46.158000,-3.51745671928,3.17856946335,3.10999684192e-05
1970/01/01/07:23:46.208000,-3.51627697984,3.18879740083,3.11092039557e-05
1970/01/01/07:23:46.258000,-3.51513082983,3.19873288703,3.11183753561e-05
1970/01/01/07:23:46.308000,-3.51401587291,3.20838857258,3.11273009305e-05
1970/01/01/07:23:46.358000,-3.51293270569,3.21776900866,3.11361942644e-05
1970/01/01/07:23:46.408000,-3.51188012881,3.22689234631,3.1145373045e-05
1970/01/01/07:23:46.458000,-3.51085769303,3.23576038569,3.11546882877e-05
1970/01/01/07:23:46.508000,-3.50986384794,3.24437952444,3.11636471114e-05
1970/01/01/07:23:46.558000,-3.50889744429,3.25275771203,3.1172423866e-05
1970/01/01/07:23:46.609000,-3.50795753306,3.26089724803,3.11814186268e-05
1970/01/01/07:23:46.658000,-3.50704261323,3.26881788492,3.11903824055e-05
1970/01/01/07:23:46.708000,-3.50615418732,3.27651322264,3.1199544739e-05
1970/01/01/07:23:46.758000,-3.50529040611,3.28399420981,3.12085329897e-05
1970/01/01/07:23:46.808000,-3.50445141712,3.29126739655,3.12175711992e-05
1970/01/01/07:23:46.858000,-3.50363551839,3.29833808314,3.12264569097e-05
1970/01/01/07:23:46.908000,-3.50284146299,3.30521532187,3.12357937916e-05
1970/01/01/07:23:46.957000,-3.50207010294,3.31189325905,3.12451923892e-05
1970/01/01/07:23:47.008000,-3.50132028866,3.31839334449,3.12543348005e-05
1970/01/01/07:23:47.058000,-3.50059306673,3.32470612944,3.1263778764e-05
1970/01/01/07:23:47.107000,-3.49988453821,3.33084636714,3.12732093779e-05
1970/01/01/07:23:47.158000,-3.49919595176,3.33681590609,3.12825759557e-05
1970/01/01/07:23:47.208000,-3.49852670921,3.34261689086,3.12918824382e-05
1970/01/01/07:23:47.258000,-3.49787531078,3.34826092576,3.13014244976e-05
1970/01/01/07:23:47.308000,-3.49724175728,3.3537512599,3.13108455683e-05
1970/01/01/07:23:47.408000,-3.49662709836,3.35908359397,3.13205081774e-05
1970/01/01/07:23:47.458000,-3.49602828647,3.36427003001,3.13299882936e-05
1970/01/01/07:23:47.508000,-3.49543277372,3.36942511711,3.13394877788e-05
1970/01/01/07:23:47.558000,-3.49485230699,3.37446195274,3.13490400502e-05
1970/01/01/07:23:47.608000,-3.49428693725,3.379368137,3.1358584719e-05
1970/01/01/07:23:47.658000,-3.4937377606,3.38413342301,3.13681249763e-05
1970/01/01/07:23:47.708000,-3.49320418094,3.38876575921,3.13778004924e-05
1970/01/01/07:23:47.758000,-3.49268389631,3.39326549475,3.13872893044e-05
1970/01/01/07:23:47.808000,-3.49217895934,3.397637331,3.13969056864e-05
1970/01/01/07:23:47.858000,-3.49168961513,3.40188656855,3.14064921973e-05
1970/01/01/07:23:47.908000,-3.49121341554,3.40601360797,3.14163399619e-05
1970/01/01/07:23:47.960000,-3.49075046144,3.41002129349,3.14260785395e-05
1970/01/01/07:23:48.008000,-3.49030050811,3.41391708231,3.14359851442e-05
1970/01/01/07:23:48.058000,-3.4898635499,3.41770126782,3.14456626416e-05
1970/01/01/07:23:48.108000,-3.48943963726,3.42137700702,3.14554528342e-05
1970/01/01/07:23:48.158000,-3.48902612218,3.42495094229,3.14652425105e-05
1970/01/01/07:23:48.208000,-3.4886253525,3.42842373135,3.14749108952e-05
1970/01/01/07:23:48.258000,-3.48823527598,3.4317980169,3.14845408444e-05
1970/01/01/07:23:48.308000,-3.4878578501,3.43507645303,3.14943938651e-05
1970/01/01/07:23:48.358000,-3.48749081729,3.43826209164,3.15043211853e-05
1970/01/01/07:23:48.408000,-3.48713418282,3.44135932918,3.15143041989e-05
1970/01/01/07:23:48.458000,-3.48678744638,3.44436866871,3.15241114187e-05
1970/01/01/07:23:48.508000,-3.4864490559,3.44729275577,3.15340295421e-05
1970/01/01/07:23:48.558000,-3.4861210641,3.45013424587,3.1544018178e-05
1970/01/01/07:23:48.608000,-3.48580282009,3.45289578281,3.15539740367e-05
1970/01/01/07:23:48.658000,-3.48549307243,3.45558002033,3.15639279001e-05
1970/01/01/07:23:48.708000,-3.48519297279,3.45818961028,3.15739177415e-05
1970/01/01/07:23:48.758000,-3.48490066851,3.46072640089,3.15839679731e-05
1970/01/01/07:23:48.808000,-3.48461615969,3.46319124089,3.15939164104e-05
1970/01/01/07:23:48.858000,-3.4843394487,3.46558678026,3.16040082539e-05
1970/01/01/07:23:48.908000,-3.48407053707,3.4679156698,3.16140029376e-05
1970/01/01/07:23:48.958000,-3.48380942134,3.47017955818,3.16240453376e-05
1970/01/01/07:23:49.008000,-3.4835561038,3.47237949683,3.16341214355e-05
1970/01/01/07:23:49.058000,-3.48330948441,3.47451813679,3.16442547597e-05
1970/01/01/07:23:49.108000,-3.48306921149,3.47659697618,3.16543251402e-05
1970/01/01/07:23:49.158000,-3.48283553895,3.47861721674,3.16643699549e-05
1970/01/01/07:23:49.208000,-3.4826083139,3.48058150945,3.16745068251e-05
1970/01/01/07:23:49.258000,-3.48238748626,3.48249225269,3.16846474433e-05
1970/01/01/07:23:49.309000,-3.48217330587,3.48434869498,3.16947650438e-05
1970/01/01/07:23:49.358000,-3.48196552285,3.48615313529,3.17050068746e-05
1970/01/01/07:23:49.408000,-3.48176293887,3.48790702533,3.17152148573e-05
1970/01/01/07:23:49.457000,-3.48156555367,3.48961301882,3.17254291323e-05
1970/01/01/07:23:49.508000,-3.48137336367,3.49127066133,3.17355968765e-05
1970/01/01/07:23:49.558000,-3.48118637019,3.49288210365,3.17458677137e-05
1970/01/01/07:23:49.608000,-3.48100457578,3.49444934814,3.17561180356e-05
1970/01/01/07:23:49.658000,-3.48082788035,3.4959732409,3.17663574852e-05
1970/01/01/07:23:49.708000,-3.48065648399,3.49745383641,3.17767033807e-05
1970/01/01/07:23:49.758000,-3.48049028669,3.49889463152,3.17870335707e-05
1970/01/01/07:23:49.808000,-3.48032918864,3.50029537548,3.17973655756e-05
1970/01/01/07:23:49.858000,-3.48017138725,3.50165712159,3.18077174105e-05
1970/01/01/07:23:49.958000,-3.48001823404,3.50298031888,3.18180472953e-05
1970/01/01/07:23:50.008000,-3.47987028011,3.50426711663,3.18283747802e-05
1970/01/01/07:23:50.058000,-3.47972542266,3.50551821504,3.18387483719e-05
1970/01/01/07:23:50.108000,-3.47958111396,3.50676161391,3.1849121429e-05
1970/01/01/07:23:50.158000,-3.4794411046,3.50797706112,3.18595359859e-05
1970/01/01/07:23:50.208000,-3.47930409683,3.50915870628,3.18700034829e-05
1970/01/01/07:23:50.258000,-3.47917193337,3.51030880202,3.18803390117e-05
1970/01/01/07:23:50.308000,-3.47904267102,3.51142540181,3.18908110306e-05
1970/01/01/07:23:50.358000,-3.47891825822,3.5125111532,3.19012990127e-05
1970/01/01/07:23:50.408000,-3.47879674152,3.51356510034,3.19118275893e-05
1970/01/01/07:23:50.458000,-3.47867782667,3.51459030174,3.19223101545e-05
1970/01/01/07:23:50.508000,-3.47856410534,3.51558635212,3.19328422295e-05
1970/01/01/07:23:50.558000,-3.47845298599,3.51655380125,3.19433846776e-05
1970/01/01/07:23:50.607000,-3.47834451294,3.51749224922,3.1953896587e-05
1970/01/01/07:23:50.658000,-3.47823859173,3.51840519959,3.19644785092e-05
